417 597 11
7840	
10	
4	
7840	0 31360	2 16	
1	
1	4 1	3 4	
2	
1	
1	
392000	6 8	
392000	9 4	8 4	
392000	10 4	7 4	
392000	
392000	12 1568000	11 4	
392000	12 1568000	
1	
1	
1	
1	16 4	15 4	17 4	
392000	14 4	18 4	
1	
1	20 1	19 4	
392000	14 4	19 4	
392000	22 4	
2	
392000	23 4	24 8	
1	25 4	
1	
1	27 1	26 4	
1	
1	
1	
1	30 4	29 4	31 4	
1	14 4	32 4	
1	
1	34 1	33 4	
1	
1	
1	
1	37 4	36 4	38 4	
1	14 4	39 4	
1	
1	41 1	40 4	
1	
1	43 1	14 4	
500	
500	
500	46 2000	45 2000	
500	46 2000	
1	
1	
1	
1	50 4	49 4	51 4	
500	48 4	52 4	
1	
1	54 1	53 4	
500	48 4	53 4	
500	56 4	
1	
500	57 4	58 4	
1	59 4	
1	
1	61 1	60 4	
1	
1	
1	
1	64 4	63 4	65 4	
1	48 4	66 4	
1	
1	68 1	67 4	
1	
1	
1	
1	71 4	70 4	72 4	
1	48 4	73 4	
1	
1	75 1	74 4	
1	
1	77 1	48 4	
3920000	0 31360	14 4	
5000	79 4	48 4	
1	
1	81 1	80 4	
5000	80 4	
1	
1	84 1	83 4	
1	
1	
1	87 1	86 4	
1	83 4	
1	
1	
5000	89 4	
1	91 4	90 4	
5000	92 4	93 4	
5000	94 4	90 4	
1	86 4	95 4	
1	96 4	
1	83 4	86 4	
5000	98 4	97 4	
2	
1	
1	
5000	100 8	
5000	103 4	102 4	
5000	104 4	101 4	
5000	
5000	106 20000	105 4	
5000	106 20000	
1	
1	
1	
1	110 4	109 4	111 4	
5000	108 4	112 4	
1	
1	114 1	113 4	
5000	108 4	113 4	
5000	116 4	
2	
5000	117 4	118 8	
1	119 4	
1	
1	121 1	120 4	
1	
1	
1	
1	124 4	123 4	125 4	
1	108 4	126 4	
1	
1	128 1	127 4	
1	
1	
1	
1	131 4	130 4	132 4	
1	108 4	133 4	
1	
1	135 1	134 4	
1	
1	137 1	108 4	
10	
10	
10	140 40	139 40	
10	140 40	
1	
1	
1	
1	144 4	143 4	145 4	
10	142 4	146 4	
1	
1	148 1	147 4	
10	142 4	147 4	
10	150 4	
1	
10	151 4	152 4	
1	153 4	
1	
1	155 1	154 4	
1	
1	
1	
1	158 4	157 4	159 4	
1	142 4	160 4	
1	
1	162 1	161 4	
1	
1	
1	
1	165 4	164 4	166 4	
1	142 4	167 4	
1	
1	169 1	168 4	
1	
1	171 1	142 4	
50000	99 4	108 4	
100	173 4	142 4	
1	
1	175 1	174 4	
100	174 4	
1	
1	178 1	177 4	
1	
1	1 80	
10	177 4	1 80	
1	
1	
1	182 4	
1	
1	
10	182 4	180 4	187 4	
1	187 4	
10	188 4	189 4	
1	187 4	
1	180 4	191 4	
1	187 4	
1	187 4	
1	187 4	
1	194 4	195 4	
1	192 4	193 4	196 4	
1	187 4	
1	187 4	
1	182 4	187 4	
1	187 4	
1	187 4	
1	182 4	187 4	202 4	
1	187 4	202 4	
10	203 4	204 4	
10	197 4	205 4	
1	187 4	
10	206 4	207 4	
1	187 4	
1	190 4	209 4	
1	187 4	
1	208 4	211 4	
1	187 4	
1	208 4	213 4	
1	187 4	
1	187 4	
1	215 4	216 4	
1	214 4	217 4	208 4	
1	210 4	218 4	
1	187 4	
1	212 4	219 4	220 4	
1	
1	222 1	221 4	
1	
1	
1	224 4	225 4	
1	
1	212 4	226 4	227 4	
1	212 4	227 4	226 4	
1	228 4	229 4	
1	228 4	230 4	
1	229 4	230 4	
1	
1	
10	233 4	234 4	
1	231 4	218 4	
1	236 4	235 4	
1	237 4	233 4	
1	210 4	
1	239 4	218 4	
1	240 4	218 4	
1	231 4	241 4	
1	242 4	235 4	
1	243 4	234 4	
1	238 4	244 4	
1	238 4	245 4	
1	244 4	245 4	
1	
1	246 4	248 4	
1	
1	249 4	250 4	
1	
1	214 4	247 4	252 4	
1	214 4	252 4	247 4	
1	253 4	254 4	
1	253 4	255 4	
1	254 4	255 4	
1	
1	251 4	258 4	
1	188 4	
10	259 4	260 4	
1	182 4	
1	
10	262 4	263 4	
10	261 4	180 4	
10	265 4	264 4	
10	266 4	262 4	
10	182 4	261 4	
10	268 4	264 4	
1	269 4	263 4	
1	267 4	270 4	
10	267 4	271 4	
1	270 4	271 4	
1	
1	257 4	274 4	
1	206 4	
10	275 4	276 4	
1	
1	205 4	
10	278 4	279 4	
10	277 4	205 4	
10	281 4	280 4	
1	282 4	278 4	
10	197 4	277 4	
10	284 4	280 4	
10	285 4	279 4	
1	283 4	286 4	
1	283 4	287 4	
10	286 4	287 4	
1	
10	289 4	290 4	
100	182 4	
100	182 4	
1	
1	272 4	294 4	
100	295 4	293 4	
1	173 4	
1	
10	297 4	298 4	
100	296 4	299 4	
100	300 4	297 4	
100	296 4	299 4	
10	302 4	298 4	
1	301 4	303 4	
100	301 4	304 4	
10	303 4	304 4	
50000	305 4	108 4	
50000	99 4	305 4	
1	307 4	308 4	
5000	307 4	309 4	
5000	308 4	309 4	
1	98 4	
1	97 4	
10	312 4	313 4	
1	310 4	97 4	
1	315 4	314 4	
1	316 4	312 4	
1	98 4	310 4	
1	318 4	314 4	
1	319 4	313 4	
1	317 4	320 4	
1	317 4	321 4	
1	320 4	321 4	
1	83 4	
1	86 4	
10	324 4	325 4	
1	322 4	86 4	
1	327 4	326 4	
5000	328 4	324 4	
5000	83 4	
1	330 4	86 4	
1	331 4	86 4	
1	322 4	332 4	
1	333 4	326 4	
1	334 4	325 4	
1	329 4	335 4	
5000	329 4	336 4	
1	335 4	336 4	
5000	337 4	83 4	
1	79 4	
1	
10	340 4	341 4	
5000	339 4	342 4	
5000	343 4	340 4	
5000	339 4	342 4	
500	345 4	341 4	
1	344 4	346 4	
5000	344 4	347 4	
500	346 4	347 4	
3920000	348 4	14 4	
3920000	0 31360	348 4	
1	350 4	351 4	
7840	350 4	352 4	
392000	351 4	352 4	
1	
1	
1	356 4	355 4	
1	356 4	
1	
1	
1	360 4	359 4	
1	360 4	
392000	
392000	
392000	364 1568000	363 1568000	
392000	364 1568000	
392000	
392000	
392000	368 1568000	367 1568000	
392000	368 1568000	
500	
500	
500	372 2000	371 2000	
500	372 2000	
500	
500	
500	376 2000	375 2000	
500	376 2000	
5000	
5000	
5000	380 20000	379 20000	
5000	380 20000	
5000	
5000	
5000	384 20000	383 20000	
5000	384 20000	
10	
10	
10	388 40	387 40	
10	388 40	
10	
10	
10	392 40	391 40	
10	392 40	
1	
1	
1	
1	
392000	12 1568000	364 1568000	368 1568000	358 4	362 4	395 4	396 4	397 4	398 4	354 4	
500	46 2000	372 2000	376 2000	358 4	362 4	395 4	396 4	397 4	398 4	349 4	
5000	106 20000	380 20000	384 20000	358 4	362 4	395 4	396 4	397 4	398 4	311 4	
10	140 40	388 40	392 40	358 4	362 4	395 4	396 4	397 4	398 4	306 4	
1	358 4	396 4	399 4	400 4	401 4	402 4	
1	356 4	403 4	
1	362 4	397 4	399 4	400 4	401 4	402 4	
1	360 4	405 4	
1	399 4	400 4	401 4	402 4	404 4	406 4	
1	
100	177 4	408 4	
10	409 4	1 80	
10	410 4	
1	
10	411 4	412 4	
1	
1	414 1	413 4	
1	5 4	21 4	28 4	35 4	42 4	44 4	55 4	62 4	69 4	76 4	78 4	82 4	85 4	88 4	115 4	122 4	129 4	136 4	138 4	149 4	156 4	163 4	170 4	172 4	176 4	179 4	223 4	415 4	
