0
417 597
0 111
0 7840 0 
1 10 0 
2 4 0 
3 7840 2 31360 0 16 2 
4 1 0 
5 1 2 1 4 4 3 
6 2 0 
7 1 0 
8 1 0 
9 392000 1 8 6 
10 392000 2 4 9 4 8 
11 392000 2 4 10 4 7 
12 392000 0 
13 392000 2 1568000 12 4 11 
14 392000 1 1568000 12 
15 1 0 
16 1 0 
17 1 0 
18 1 3 4 16 4 15 4 17 
19 392000 2 4 14 4 18 
20 1 0 
21 1 2 1 20 4 19 
22 392000 2 4 14 4 19 
23 392000 1 4 22 
24 2 0 
25 392000 2 4 23 8 24 
26 1 1 4 25 
27 1 0 
28 1 2 1 27 4 26 
29 1 0 
30 1 0 
31 1 0 
32 1 3 4 30 4 29 4 31 
33 1 2 4 14 4 32 
34 1 0 
35 1 2 1 34 4 33 
36 1 0 
37 1 0 
38 1 0 
39 1 3 4 37 4 36 4 38 
40 1 2 4 14 4 39 
41 1 0 
42 1 2 1 41 4 40 
43 1 0 
44 1 2 1 43 4 14 
45 500 0 
46 500 0 
47 500 2 2000 46 2000 45 
48 500 1 2000 46 
49 1 0 
50 1 0 
51 1 0 
52 1 3 4 50 4 49 4 51 
53 500 2 4 48 4 52 
54 1 0 
55 1 2 1 54 4 53 
56 500 2 4 48 4 53 
57 500 1 4 56 
58 1 0 
59 500 2 4 57 4 58 
60 1 1 4 59 
61 1 0 
62 1 2 1 61 4 60 
63 1 0 
64 1 0 
65 1 0 
66 1 3 4 64 4 63 4 65 
67 1 2 4 48 4 66 
68 1 0 
69 1 2 1 68 4 67 
70 1 0 
71 1 0 
72 1 0 
73 1 3 4 71 4 70 4 72 
74 1 2 4 48 4 73 
75 1 0 
76 1 2 1 75 4 74 
77 1 0 
78 1 2 1 77 4 48 
79 3920000 2 31360 0 4 14 
80 5000 2 4 79 4 48 
81 1 0 
82 1 2 1 81 4 80 
83 5000 1 4 80 
84 1 0 
85 1 2 1 84 4 83 
86 1 0 
87 1 0 
88 1 2 1 87 4 86 
89 1 1 4 83 
90 1 0 
91 1 0 
92 5000 1 4 89 
93 1 2 4 91 4 90 
94 5000 2 4 92 4 93 
95 5000 2 4 94 4 90 
96 1 2 4 86 4 95 
97 1 1 4 96 
98 1 2 4 83 4 86 
99 5000 2 4 98 4 97 
100 2 0 
101 1 0 
102 1 0 
103 5000 1 8 100 
104 5000 2 4 103 4 102 
105 5000 2 4 104 4 101 
106 5000 0 
107 5000 2 20000 106 4 105 
108 5000 1 20000 106 
109 1 0 
110 1 0 
111 1 0 
112 1 3 4 110 4 109 4 111 
113 5000 2 4 108 4 112 
114 1 0 
115 1 2 1 114 4 113 
116 5000 2 4 108 4 113 
117 5000 1 4 116 
118 2 0 
119 5000 2 4 117 8 118 
120 1 1 4 119 
121 1 0 
122 1 2 1 121 4 120 
123 1 0 
124 1 0 
125 1 0 
126 1 3 4 124 4 123 4 125 
127 1 2 4 108 4 126 
128 1 0 
129 1 2 1 128 4 127 
130 1 0 
131 1 0 
132 1 0 
133 1 3 4 131 4 130 4 132 
134 1 2 4 108 4 133 
135 1 0 
136 1 2 1 135 4 134 
137 1 0 
138 1 2 1 137 4 108 
139 10 0 
140 10 0 
141 10 2 40 140 40 139 
142 10 1 40 140 
143 1 0 
144 1 0 
145 1 0 
146 1 3 4 144 4 143 4 145 
147 10 2 4 142 4 146 
148 1 0 
149 1 2 1 148 4 147 
150 10 2 4 142 4 147 
151 10 1 4 150 
152 1 0 
153 10 2 4 151 4 152 
154 1 1 4 153 
155 1 0 
156 1 2 1 155 4 154 
157 1 0 
158 1 0 
159 1 0 
160 1 3 4 158 4 157 4 159 
161 1 2 4 142 4 160 
162 1 0 
163 1 2 1 162 4 161 
164 1 0 
165 1 0 
166 1 0 
167 1 3 4 165 4 164 4 166 
168 1 2 4 142 4 167 
169 1 0 
170 1 2 1 169 4 168 
171 1 0 
172 1 2 1 171 4 142 
173 50000 2 4 99 4 108 
174 100 2 4 173 4 142 
175 1 0 
176 1 2 1 175 4 174 
177 100 1 4 174 
178 1 0 
179 1 2 1 178 4 177 
180 1 0 
181 1 1 80 1 
182 10 2 4 177 80 1 
183 1 0 
184 1 0 
185 1 1 4 182 
186 1 0 
187 1 0 
188 10 3 4 182 4 180 4 187 
189 1 1 4 187 
190 10 2 4 188 4 189 
191 1 1 4 187 
192 1 2 4 180 4 191 
193 1 1 4 187 
194 1 1 4 187 
195 1 1 4 187 
196 1 2 4 194 4 195 
197 1 3 4 192 4 193 4 196 
198 1 1 4 187 
199 1 1 4 187 
200 1 2 4 182 4 187 
201 1 1 4 187 
202 1 1 4 187 
203 1 3 4 182 4 187 4 202 
204 1 2 4 187 4 202 
205 10 2 4 203 4 204 
206 10 2 4 197 4 205 
207 1 1 4 187 
208 10 2 4 206 4 207 
209 1 1 4 187 
210 1 2 4 190 4 209 
211 1 1 4 187 
212 1 2 4 208 4 211 
213 1 1 4 187 
214 1 2 4 208 4 213 
215 1 1 4 187 
216 1 1 4 187 
217 1 2 4 215 4 216 
218 1 3 4 214 4 217 4 208 
219 1 2 4 210 4 218 
220 1 1 4 187 
221 1 3 4 212 4 219 4 220 
222 1 0 
223 1 2 1 222 4 221 
224 1 0 
225 1 0 
226 1 2 4 224 4 225 
227 1 0 
228 1 3 4 212 4 226 4 227 
229 1 3 4 212 4 227 4 226 
230 1 2 4 228 4 229 
231 1 2 4 228 4 230 
232 1 2 4 229 4 230 
233 1 0 
234 1 0 
235 10 2 4 233 4 234 
236 1 2 4 231 4 218 
237 1 2 4 236 4 235 
238 1 2 4 237 4 233 
239 1 1 4 210 
240 1 2 4 239 4 218 
241 1 2 4 240 4 218 
242 1 2 4 231 4 241 
243 1 2 4 242 4 235 
244 1 2 4 243 4 234 
245 1 2 4 238 4 244 
246 1 2 4 238 4 245 
247 1 2 4 244 4 245 
248 1 0 
249 1 2 4 246 4 248 
250 1 0 
251 1 2 4 249 4 250 
252 1 0 
253 1 3 4 214 4 247 4 252 
254 1 3 4 214 4 252 4 247 
255 1 2 4 253 4 254 
256 1 2 4 253 4 255 
257 1 2 4 254 4 255 
258 1 0 
259 1 2 4 251 4 258 
260 1 1 4 188 
261 10 2 4 259 4 260 
262 1 1 4 182 
263 1 0 
264 10 2 4 262 4 263 
265 10 2 4 261 4 180 
266 10 2 4 265 4 264 
267 10 2 4 266 4 262 
268 10 2 4 182 4 261 
269 10 2 4 268 4 264 
270 1 2 4 269 4 263 
271 1 2 4 267 4 270 
272 10 2 4 267 4 271 
273 1 2 4 270 4 271 
274 1 0 
275 1 2 4 257 4 274 
276 1 1 4 206 
277 10 2 4 275 4 276 
278 1 0 
279 1 1 4 205 
280 10 2 4 278 4 279 
281 10 2 4 277 4 205 
282 10 2 4 281 4 280 
283 1 2 4 282 4 278 
284 10 2 4 197 4 277 
285 10 2 4 284 4 280 
286 10 2 4 285 4 279 
287 1 2 4 283 4 286 
288 1 2 4 283 4 287 
289 10 2 4 286 4 287 
290 1 0 
291 10 2 4 289 4 290 
292 100 1 4 182 
293 100 1 4 182 
294 1 0 
295 1 2 4 272 4 294 
296 100 2 4 295 4 293 
297 1 1 4 173 
298 1 0 
299 10 2 4 297 4 298 
300 100 2 4 296 4 299 
301 100 2 4 300 4 297 
302 100 2 4 296 4 299 
303 10 2 4 302 4 298 
304 1 2 4 301 4 303 
305 100 2 4 301 4 304 
306 10 2 4 303 4 304 
307 50000 2 4 305 4 108 
308 50000 2 4 99 4 305 
309 1 2 4 307 4 308 
310 5000 2 4 307 4 309 
311 5000 2 4 308 4 309 
312 1 1 4 98 
313 1 1 4 97 
314 10 2 4 312 4 313 
315 1 2 4 310 4 97 
316 1 2 4 315 4 314 
317 1 2 4 316 4 312 
318 1 2 4 98 4 310 
319 1 2 4 318 4 314 
320 1 2 4 319 4 313 
321 1 2 4 317 4 320 
322 1 2 4 317 4 321 
323 1 2 4 320 4 321 
324 1 1 4 83 
325 1 1 4 86 
326 10 2 4 324 4 325 
327 1 2 4 322 4 86 
328 1 2 4 327 4 326 
329 5000 2 4 328 4 324 
330 5000 1 4 83 
331 1 2 4 330 4 86 
332 1 2 4 331 4 86 
333 1 2 4 322 4 332 
334 1 2 4 333 4 326 
335 1 2 4 334 4 325 
336 1 2 4 329 4 335 
337 5000 2 4 329 4 336 
338 1 2 4 335 4 336 
339 5000 2 4 337 4 83 
340 1 1 4 79 
341 1 0 
342 10 2 4 340 4 341 
343 5000 2 4 339 4 342 
344 5000 2 4 343 4 340 
345 5000 2 4 339 4 342 
346 500 2 4 345 4 341 
347 1 2 4 344 4 346 
348 5000 2 4 344 4 347 
349 500 2 4 346 4 347 
350 3920000 2 4 348 4 14 
351 3920000 2 31360 0 4 348 
352 1 2 4 350 4 351 
353 7840 2 4 350 4 352 
354 392000 2 4 351 4 352 
355 1 0 
356 1 0 
357 1 2 4 356 4 355 
358 1 1 4 356 
359 1 0 
360 1 0 
361 1 2 4 360 4 359 
362 1 1 4 360 
363 392000 0 
364 392000 0 
365 392000 2 1568000 364 1568000 363 
366 392000 1 1568000 364 
367 392000 0 
368 392000 0 
369 392000 2 1568000 368 1568000 367 
370 392000 1 1568000 368 
371 500 0 
372 500 0 
373 500 2 2000 372 2000 371 
374 500 1 2000 372 
375 500 0 
376 500 0 
377 500 2 2000 376 2000 375 
378 500 1 2000 376 
379 5000 0 
380 5000 0 
381 5000 2 20000 380 20000 379 
382 5000 1 20000 380 
383 5000 0 
384 5000 0 
385 5000 2 20000 384 20000 383 
386 5000 1 20000 384 
387 10 0 
388 10 0 
389 10 2 40 388 40 387 
390 10 1 40 388 
391 10 0 
392 10 0 
393 10 2 40 392 40 391 
394 10 1 40 392 
395 1 0 
396 1 0 
397 1 0 
398 1 0 
399 392000 10 1568000 12 1568000 364 1568000 368 4 358 4 362 4 395 4 396 4 397 4 398 4 354 
400 500 10 2000 46 2000 372 2000 376 4 358 4 362 4 395 4 396 4 397 4 398 4 349 
401 5000 10 20000 106 20000 380 20000 384 4 358 4 362 4 395 4 396 4 397 4 398 4 311 
402 10 10 40 140 40 388 40 392 4 358 4 362 4 395 4 396 4 397 4 398 4 306 
403 1 6 4 358 4 396 4 399 4 400 4 401 4 402 
404 1 2 4 356 4 403 
405 1 6 4 362 4 397 4 399 4 400 4 401 4 402 
406 1 2 4 360 4 405 
407 1 6 4 399 4 400 4 401 4 402 4 404 4 406 
408 1 0 
409 100 2 4 177 4 408 
410 10 2 4 409 80 1 
411 10 1 4 410 
412 1 0 
413 10 2 4 411 4 412 
414 1 0 
415 1 2 1 414 4 413 
416 1 28 4 5 4 21 4 28 4 35 4 42 4 44 4 55 4 62 4 69 4 76 4 78 4 82 4 85 4 88 4 115 4 122 4 129 4 136 4 138 4 149 4 156 4 163 4 170 4 172 4 176 4 179 4 223 4 415 
