3660 5531 11
1	
1	
1	
1	0 4	2 1	
1	
1	
1	
1	4 4	6 1	
1	
1	
1	
1	
1	
1	
1	
1	
1	0 4	15 1	1 8	
1	16 4	
1	
1	4 4	18 1	5 8	
1	19 4	
1	
1	4 4	21 1	5 8	
1	22 4	
1	
1	
1	
1	
1	
1	
1	
1	
1	
1	
1	
1	
1	
1	
1	
1	
1	
1	
1	
1	
1	
1	43 8	44 8	26 8	
1	8 1	9 1	10 8	
1	11 1	12 1	13 8	
1	46 4	47 4	
1	45 4	48 4	
1	49 4	24 8	25 8	
1	50 4	
1	51 4	14 8	
1	52 4	27 8	28 8	29 8	
1	53 4	30 4	
1	54 4	31 8	
1	55 4	
1	56 4	32 4	
1	57 4	33 8	
1	58 4	34 4	
1	59 4	35 8	
1	60 4	0 4	1 8	4 4	5 8	36 4	
1	61 4	37 8	
1	62 4	20 4	23 4	38 4	
1	63 4	39 8	
1	64 4	40 4	
1	65 4	41 8	
1	66 4	17 4	23 4	
1	67 4	42 4	
1	42 4	
2	
1	
1	
37425152	70 8	
1	72 4	71 4	
37425152	73 4	74 4	
37425152	75 4	71 4	
37425152	
37425152	77 149700608	76 4	
37425152	77 149700608	
2	
1	
1	
37425152	80 8	
1	82 4	81 4	
37425152	83 4	84 4	
37425152	85 4	81 4	
37425152	
37425152	87 149700608	86 4	
37425152	87 149700608	
1	69 4	
1	69 4	
1	
1	91 4	92 4	
1	
1	
1	94 4	91 4	95 4	
2	93 4	96 4	
169	69 4	97 4	
173056	79 4	98 4	
1	
1	
1	
1	
1	
1	
13	69 4	
1	99 4	
1	
1	
1	
1	107 4	108 4	109 4	110 4	
1	
1	111 4	112 4	
1	
1	
2	113 4	114 4	115 4	
1	
13312	116 4	117 4	
1	
1	111 4	119 4	
1	
1	
1	111 4	122 4	
1	
1	
2	123 4	124 4	125 4	
1	
13312	126 4	127 4	
1	
1	111 4	129 4	
1	
1	106 4	
1	111 4	
1	132 4	133 4	
1	
1	134 4	135 4	
1	
1	
1	
1	
1	136 4	139 1	133 4	140 1	132 4	
13	106 4	141 4	
1	99 4	
1	
1	
1	
1	143 4	144 4	145 4	146 4	
1	99 4	
1	
1	
1	
1	148 4	149 4	150 4	151 4	
1	
1	152 4	153 4	
1	
1	
2	154 4	155 4	156 4	
1	
13312	157 4	158 4	
1	
1	142 4	160 4	
1	
1	142 4	162 4	
1	
2	147 4	
2	147 4	
1	99 4	
1	
1	
1	
1	167 4	168 4	169 4	170 4	
1	
1	
1	172 4	171 4	173 4	
1	166 4	174 4	99 4	166 4	
1	164 4	
1	165 4	
13312	118 4	
13312	128 4	
1	176 4	256 4	
1	177 4	257 4	
13312	178 4	258 4	
13312	179 4	259 4	
1	147 4	
1	180 4	184 4	
1	185 4	
1	180 4	186 4	
1	181 4	186 4	
13312	182 4	186 4	
13312	183 4	186 4	
1	187 4	
1	188 4	
13312	189 4	
13312	190 4	
2	166 4	
1	175 4	
13312	195 4	191 4	196 4	
1	191 4	
1	197 4	
1	191 4	
1	191 4	
13312	199 4	
1	201 4	200 4	
13312	202 4	203 4	
13312	204 4	200 4	
13312	198 4	205 4	
13312	206 4	
13312	197 4	198 4	
13312	208 4	207 4	
2	
1	
1	
8388608	210 8	
1	212 4	211 4	
8388608	213 4	214 4	
8388608	215 4	211 4	
8388608	
8388608	217 33554432	216 4	
8388608	217 33554432	
4096	
4096	
4096	221 16384	220 16384	
4096	221 16384	
1	191 4	
26624	209 4	194 4	224 4	
8388608	219 4	
109051904	225 4	226 4	
4096	223 4	
53248	227 4	228 4	
1	191 4	
1	191 4	
13312	231 4	229 4	
1	191 4	
13312	232 4	233 4	
13312	234 4	
13312	193 4	235 4	
13312	232 4	
13312	232 4	
13312	237 4	238 4	
13312	236 4	239 4	
13312	240 4	
13312	232 4	
13312	241 4	242 4	
13	142 4	
13	191 4	244 4	
13312	159 4	
13312	245 4	246 4	243 4	
13	191 4	244 4	
13312	248 4	193 4	240 4	
13	191 4	244 4	
13312	250 4	194 4	243 4	
2	165 4	
1	252 4	191 4	247 4	192 4	
1	191 4	
1	191 4	254 4	
1	255 4	
1	253 4	
13312	249 4	
13312	251 4	
1	187 4	
1	188 4	
1	189 4	
1	190 4	
1	165 4	261 4	
1	
1	
1	265 4	264 4	266 4	
173056	165 4	267 4	261 4	
1	
173056	99 4	69 4	
13	69 4	
1	270 4	
1	
1	
1	
1	272 4	273 4	274 4	275 4	
1	
1	276 4	277 4	
1	
1	
2	278 4	279 4	280 4	
1	
13312	281 4	282 4	
1	
1	276 4	284 4	
1	
1	
1	276 4	287 4	
1	
1	
2	288 4	289 4	290 4	
1	
13312	291 4	292 4	
1	
1	276 4	294 4	
1	
1	271 4	
1	276 4	
1	297 4	298 4	
1	
1	299 4	300 4	
1	
1	
1	
1	
1	301 4	304 1	298 4	305 1	297 4	
13	271 4	306 4	
1	270 4	
1	
1	
1	
1	308 4	309 4	310 4	311 4	
1	270 4	
1	
1	
1	
1	313 4	314 4	315 4	316 4	
1	
1	317 4	318 4	
1	
1	
2	319 4	320 4	321 4	
1	
13312	322 4	323 4	
1	
1	307 4	325 4	
1	
1	307 4	327 4	
1	
2	312 4	
2	312 4	
1	270 4	
1	
1	
1	
1	332 4	333 4	334 4	335 4	
1	
1	
1	337 4	336 4	338 4	
1	331 4	339 4	270 4	331 4	
1	329 4	
1	330 4	
13312	283 4	
13312	293 4	
1	341 4	421 4	
1	342 4	422 4	
13312	343 4	423 4	
13312	344 4	424 4	
1	312 4	
1	345 4	349 4	
1	350 4	
1	345 4	351 4	
1	346 4	351 4	
13312	347 4	351 4	
13312	348 4	351 4	
1	352 4	
1	353 4	
13312	354 4	
13312	355 4	
2	331 4	
1	340 4	
13312	360 4	356 4	361 4	
1	356 4	
1	362 4	
1	356 4	
1	356 4	
13312	364 4	
1	366 4	365 4	
13312	367 4	368 4	
13312	369 4	365 4	
13312	363 4	370 4	
13312	371 4	
13312	362 4	363 4	
13312	373 4	372 4	
2	
1	
1	
8388608	375 8	
1	377 4	376 4	
8388608	378 4	379 4	
8388608	380 4	376 4	
8388608	
8388608	382 33554432	381 4	
8388608	382 33554432	
4096	
4096	
4096	386 16384	385 16384	
4096	386 16384	
1	356 4	
26624	374 4	359 4	389 4	
8388608	384 4	
109051904	390 4	391 4	
4096	388 4	
53248	392 4	393 4	
1	356 4	
1	356 4	
13312	396 4	394 4	
1	356 4	
13312	397 4	398 4	
13312	399 4	
13312	358 4	400 4	
13312	397 4	
13312	397 4	
13312	402 4	403 4	
13312	401 4	404 4	
13312	405 4	
13312	397 4	
13312	406 4	407 4	
13	307 4	
13	356 4	409 4	
13312	324 4	
13312	410 4	411 4	408 4	
13	356 4	409 4	
13312	413 4	358 4	405 4	
13	356 4	409 4	
13312	415 4	359 4	408 4	
2	330 4	
1	417 4	356 4	412 4	357 4	
1	356 4	
1	356 4	419 4	
1	420 4	
1	418 4	
13312	414 4	
13312	416 4	
1	352 4	
1	353 4	
1	354 4	
1	355 4	
1	330 4	426 4	
1	
1	
1	430 4	429 4	431 4	
173056	330 4	432 4	426 4	
1	
173056	433 4	69 4	
1	
346112	268 4	435 4	436 4	
1	
1	
1	
13	69 4	
1	437 4	
1	
1	
1	
1	442 4	443 4	444 4	445 4	
1	
1	446 4	447 4	
1	
1	
2	448 4	449 4	450 4	
1	
13312	451 4	452 4	
1	
1	446 4	454 4	
1	
1	
1	446 4	457 4	
1	
1	
2	458 4	459 4	460 4	
1	
13312	461 4	462 4	
1	
1	446 4	464 4	
1	
1	441 4	
1	446 4	
1	467 4	468 4	
1	
1	469 4	470 4	
1	
1	
1	
1	
1	471 4	474 1	468 4	475 1	467 4	
13	441 4	476 4	
1	437 4	
1	
1	
1	
1	478 4	479 4	480 4	481 4	
1	437 4	
1	
1	
1	
1	483 4	484 4	485 4	486 4	
1	
1	487 4	488 4	
1	
1	
2	489 4	490 4	491 4	
1	
13312	492 4	493 4	
1	
1	477 4	495 4	
1	
1	477 4	497 4	
1	
2	482 4	
2	482 4	
1	437 4	
1	
1	
1	
1	502 4	503 4	504 4	505 4	
1	
1	
1	507 4	506 4	508 4	
1	501 4	509 4	437 4	501 4	
1	499 4	
1	500 4	
13312	453 4	
13312	463 4	
1	511 4	591 4	
1	512 4	592 4	
13312	513 4	593 4	
13312	514 4	594 4	
1	482 4	
1	515 4	519 4	
1	520 4	
1	515 4	521 4	
1	516 4	521 4	
13312	517 4	521 4	
13312	518 4	521 4	
1	522 4	
1	523 4	
13312	524 4	
13312	525 4	
2	501 4	
1	510 4	
26624	530 4	526 4	531 4	
1	526 4	
1	532 4	
1	526 4	
1	526 4	
26624	534 4	
1	536 4	535 4	
26624	537 4	538 4	
26624	539 4	535 4	
26624	533 4	540 4	
26624	541 4	
26624	532 4	533 4	
26624	543 4	542 4	
2	
1	
1	
12582912	545 8	
1	547 4	546 4	
12582912	548 4	549 4	
12582912	550 4	546 4	
12582912	
12582912	552 50331648	551 4	
12582912	552 50331648	
4096	
4096	
4096	556 16384	555 16384	
4096	556 16384	
1	526 4	
39936	544 4	529 4	559 4	
12582912	554 4	
163577856	560 4	561 4	
4096	558 4	
53248	562 4	563 4	
1	526 4	
1	526 4	
13312	566 4	564 4	
1	526 4	
13312	567 4	568 4	
13312	569 4	
13312	528 4	570 4	
13312	567 4	
13312	567 4	
13312	572 4	573 4	
13312	571 4	574 4	
13312	575 4	
13312	567 4	
13312	576 4	577 4	
13	477 4	
13	526 4	579 4	
13312	494 4	
13312	580 4	581 4	578 4	
13	526 4	579 4	
13312	583 4	528 4	575 4	
13	526 4	579 4	
13312	585 4	529 4	578 4	
2	500 4	
1	587 4	526 4	582 4	527 4	
1	526 4	
1	526 4	589 4	
1	590 4	
1	588 4	
13312	584 4	
13312	586 4	
1	522 4	
1	523 4	
1	524 4	
1	525 4	
1	500 4	596 4	
1	
1	
1	600 4	599 4	601 4	
173056	500 4	602 4	596 4	
1	
1	
1	4 4	605 1	5 8	
1	606 4	
1	
1	4 4	608 1	5 8	
1	609 4	
1	
1	69 4	611 4	
1	612 4	
1	
1	613 4	614 4	
1	615 4	
1	616 4	
3	
173056	603 4	618 12	
1	619 4	
1	
1	
1	
1	620 4	621 4	622 4	623 4	
1	
1	
1	625 4	624 4	626 4	
1	
1	69 4	628 4	
13	629 4	
169	627 4	630 4	
169	631 4	
1	69 4	
1	
1	
1	
1	633 4	634 4	635 4	636 4	
1	
1	619 4	
1	
1	
1	
1	639 4	640 4	641 4	642 4	
1	637 4	643 4	
1	
1	644 4	645 4	
1	
1	
1	
1	
1	
1	
1	
1	
1	646 4	651 1	652 1	653 1	637 4	654 1	643 4	
1	632 4	655 4	
1	655 4	
3	656 4	638 4	657 4	
169	632 4	658 4	
173056	619 4	659 4	
2	
1	
1	
1048576	661 8	
1	663 4	662 4	
1048576	664 4	665 4	
1048576	666 4	662 4	
1048576	
1048576	668 4194304	667 4	
1048576	668 4194304	
1	660 4	
1	
1	
1	
1	673 4	674 4	
1	675 4	
1	676 4	673 4	
1	
1	673 4	678 4	
1	679 4	
1	673 4	672 4	
1	680 4	681 4	
1	677 4	682 4	
1	
1	
1	684 4	672 4	685 4	
13	686 4	683 4	
13	671 4	687 4	
1	671 4	683 4	
1	
1	688 4	690 4	
1	
1	689 4	692 4	
1	
13	689 4	688 4	694 4	
1	
13	687 4	683 4	696 4	
2	691 4	693 4	
2197	660 4	697 4	
169	699 4	698 4	
2	
1048576	670 4	701 8	
2	
1048576	702 4	703 8	
13631488	700 4	704 4	
1	
1	
13	688 4	706 4	707 4	
173056	705 4	708 4	
1	709 4	
1	
1	
1	
1	710 4	711 4	712 4	713 4	
1	709 4	
1	
1	
1	
1	715 4	716 4	717 4	718 4	
1	
1	
1	
1	
1	
1	
1	
1	90 4	726 4	
1	
1	
2	727 4	728 4	729 4	
1	
13312	730 4	731 4	
1	
1	90 4	733 4	
1	
1	
1	90 4	736 4	
1	
1	
2	737 4	738 4	739 4	
1	
13312	740 4	741 4	
1	
1	90 4	743 4	
1	
1	90 4	714 4	
1	
1	746 4	747 4	
1	
1	
1	
1	
1	
1	
1	
1	
1	748 4	753 1	754 1	755 1	90 4	756 1	714 4	
13312	732 4	757 4	
13312	742 4	757 4	
1	
1	
1	90 4	761 4	
1	
1	
2	762 4	763 4	764 4	
1	
13312	765 4	766 4	
1	
1	90 4	768 4	
1	
1	
1	90 4	771 4	
1	
1	719 4	773 4	
1	
2	772 4	774 4	775 4	
1	
169	776 4	777 4	
1	
1	90 4	779 4	
1	
1	719 4	781 4	
1	
1	90 4	783 4	
1	
1	
2	784 4	785 4	786 4	
1	
13312	787 4	788 4	
1	
1	90 4	790 4	
1	
1	
1	90 4	793 4	
1	
1	
2	794 4	795 4	796 4	
1	
13312	797 4	798 4	
1	
1	90 4	800 4	
1	
1	69 4	
1	
1	803 4	804 4	
1	
1	
1	806 4	803 4	807 4	
2	805 4	808 4	
169	69 4	809 4	
173056	89 4	810 4	
1	811 4	
1	
1	
1	
1	812 4	813 4	814 4	815 4	
2	816 4	
1	811 4	
1	
1	
1	
1	818 4	819 4	820 4	821 4	
1	
1	
1	823 4	822 4	824 4	
1	817 4	825 4	811 4	817 4	
2	
2	
2	
13312	811 4	827 8	828 8	829 8	
13312	830 4	
1	69 4	
1	
13	833 4	69 4	
1	
1	834 4	835 4	
1	836 4	836 4	
1	837 4	
1	837 4	
1	836 4	
13312	831 4	840 4	
1	839 4	
2	817 4	840 4	
1	826 4	840 4	
13312	843 4	842 4	844 4	
13312	845 4	841 4	
1	
1	832 4	
1	
2	848 4	847 4	849 4	
1	
13312	850 4	851 4	
1	
1	832 4	
1	
1	854 4	853 4	855 4	
1	
13	856 4	857 4	
1	834 4	
1	
13	859 4	860 4	
1	
1	
2	863 4	
1	
2	865 4	
1	862 4	
1	864 4	
1	866 4	
13312	427 4	
13312	428 4	
13312	767 4	
1	760 4	
169	778 4	
13312	597 4	
13312	598 4	
13312	846 4	
13	834 4	
13	861 4	
1	867 4	1163 4	
1	868 4	1164 4	
1	869 4	1165 4	
13312	870 4	1166 4	
13312	871 4	1167 4	
13312	872 4	1168 4	
1	873 4	1169 4	
169	874 4	1170 4	
13312	875 4	1171 4	
13312	876 4	1172 4	
13312	877 4	1173 4	
13	878 4	1174 4	
13	879 4	1175 4	
1	880 4	
1	891 4	893 4	
1	894 4	
1	895 4	
1	880 4	896 4	
1	881 4	896 4	
1	882 4	896 4	
13312	883 4	896 4	
13312	884 4	896 4	
13312	885 4	896 4	
1	886 4	896 4	
169	887 4	896 4	
13312	888 4	896 4	
13312	889 4	896 4	
13312	890 4	896 4	
13	891 4	896 4	
13	892 4	896 4	
1	897 4	
1	898 4	
1	899 4	
13312	900 4	
13312	901 4	
13312	902 4	
1	903 4	
169	904 4	
13312	905 4	
13312	906 4	
13312	907 4	
13	908 4	
13	909 4	
1	910 4	
26624	920 4	915 4	923 4	
1	910 4	
1	924 4	
1	910 4	
1	910 4	
26624	926 4	
1	928 4	927 4	
26624	929 4	930 4	
26624	931 4	927 4	
26624	925 4	932 4	
26624	933 4	
26624	924 4	925 4	
26624	935 4	934 4	
2	
1	
1	
12582912	937 8	
1	939 4	938 4	
12582912	940 4	941 4	
12582912	942 4	938 4	
12582912	
12582912	944 50331648	943 4	
12582912	944 50331648	
4096	
4096	
4096	948 16384	947 16384	
4096	948 16384	
1	910 4	
39936	936 4	914 4	951 4	
12582912	946 4	
163577856	952 4	953 4	
4096	950 4	
53248	954 4	955 4	
1	910 4	
1	910 4	
13312	958 4	956 4	
1	910 4	
13312	959 4	960 4	
13312	961 4	
13312	913 4	962 4	
13312	959 4	
13312	959 4	
13312	964 4	965 4	
13312	963 4	966 4	
13312	967 4	
13312	959 4	
13312	968 4	969 4	
1	970 4	
1	910 4	
1	910 4	
1	910 4	
1	971 4	972 4	973 4	974 4	
1	714 4	
1	975 4	976 4	
1	910 4	
1	977 4	978 4	
1	910 4	
1	910 4	
1	910 4	
1	910 4	
1	910 4	
1	910 4	
1	910 4	
1	910 4	
1	979 4	984 4	985 4	986 4	975 4	987 4	976 4	
13312	970 4	988 4	
2	
1	
1	
1048576	990 8	
1	992 4	991 4	
1048576	993 4	994 4	
1048576	995 4	991 4	
1048576	
1048576	997 4194304	996 4	
1048576	997 4194304	
1048576	999 4	
13631488	989 4	1000 4	
1	910 4	
1	1001 4	1002 4	
1	
1	
1	
1024	1004 4	
1	1006 4	1005 4	
1024	1007 4	1008 4	
1024	1009 4	1005 4	
1024	
1024	1011 4096	1010 4	
1024	1011 4096	
1	910 4	
1	
1	
1	1016 4	1015 4	
1	1016 4	
1024	
1024	
1024	1020 4096	1019 4096	
1024	1020 4096	
1	1018 4	
1024	1013 4	
1024	1023 4	1024 4	910 4	
1024	1024 4	910 4	
1	910 4	
1024	1026 4	1027 4	
1	1028 4	
1024	1025 4	1029 4	
173056	709 4	
173056	1031 4	1003 4	
1024	1022 4	
173056	1032 4	1033 4	
173056	1034 4	
173056	1030 4	1035 4	
1	910 4	
1024	1036 4	1037 4	
1	910 4	
13	69 4	
13	1039 4	1040 4	
1	910 4	
1	1041 4	1042 4	
1	910 4	
1	910 4	
1	910 4	
1	910 4	
1	910 4	
1	910 4	
1	1043 4	1047 4	1048 4	1049 4	1040 4	
1	1038 4	1050 4	
1	1050 4	
1	1050 4	
1	1050 4	
1	1051 4	1052 4	1053 4	1054 4	
1	1050 4	
1	1050 4	
1	1056 4	1055 4	1057 4	
1	1050 4	
1	1040 4	1059 4	
13	1060 4	
169	1058 4	1061 4	
1	1038 4	1050 4	
1	1050 4	
169	1063 4	1064 4	
1	1050 4	
169	1066 4	1065 4	
169	1062 4	1038 4	1067 4	
169	1068 4	
1	910 4	
1	1069 4	1070 4	
173056	660 4	
28351	1071 4	1072 4	
1	1073 4	
1	910 4	
13312	1074 4	
1	910 4	
1	916 4	1077 4	
1	910 4	
26624	989 4	1076 4	1079 4	
1	910 4	
1	1080 4	
1	910 4	
1	910 4	
26624	1082 4	
1	1084 4	1083 4	
26624	1085 4	1086 4	
26624	1087 4	1083 4	
26624	1081 4	1088 4	
26624	1089 4	
26624	1080 4	1081 4	
26624	1091 4	1090 4	
2	
1	
1	
12582912	1093 8	
1	1095 4	1094 4	
12582912	1096 4	1097 4	
12582912	1098 4	1094 4	
12582912	
12582912	1100 50331648	1099 4	
12582912	1100 50331648	
4096	
4096	
4096	1104 16384	1103 16384	
4096	1104 16384	
1	910 4	
39936	1092 4	919 4	1107 4	
12582912	1102 4	
163577856	1108 4	1109 4	
4096	1106 4	
53248	1110 4	1111 4	
1	910 4	
1	910 4	
13312	1114 4	1112 4	
1	910 4	
13312	1115 4	1116 4	
13312	1117 4	
13312	918 4	1118 4	
13312	1115 4	
13312	1115 4	
13312	1120 4	1121 4	
13312	1119 4	1122 4	
13312	1123 4	
13312	1115 4	
13312	1124 4	1125 4	
1	910 4	
13312	1126 4	1127 4	
13	1128 4	
1	910 4	
1	910 4	1130 4	
13	69 4	
13	1131 4	1132 4	
1	910 4	
1	1133 4	1134 4	
1	1135 4	1135 4	
1	1136 4	
1	1136 4	
1	1135 4	
13312	831 4	
13312	1140 4	1139 4	
2	817 4	
2	1142 4	1139 4	
1	1131 4	1139 4	
1	826 4	
1	1145 4	1139 4	
13312	1143 4	1144 4	1146 4	
13312	1147 4	1141 4	
13	1133 4	921 4	
13	921 4	
13	1150 4	1149 4	
1	922 4	
1	910 4	
1	910 4	1153 4	
13	1152 4	1154 4	
13	1151 4	1155 4	922 4	
2	864 4	
1	1157 4	910 4	1126 4	911 4	
2	866 4	
1	1159 4	910 4	1129 4	912 4	
1	910 4	
1	910 4	1161 4	
1	1162 4	
1	1158 4	
1	1160 4	
13312	967 4	
13312	970 4	
13312	1076 4	
1	1078 4	
169	1069 4	
13312	1123 4	
13312	1126 4	
13312	1148 4	
13	1149 4	
13	1156 4	
1	897 4	
1	898 4	
1	899 4	
1	900 4	
1	901 4	
1	902 4	
1	903 4	
1	904 4	
1	905 4	
1	906 4	
1	907 4	
1	908 4	
1	909 4	
1	864 4	1177 4	
1	
1	
1	1190 4	1189 4	1191 4	
173056	864 4	1192 4	1177 4	
1	866 4	1178 4	
1	
1	
1	1195 4	1194 4	1196 4	
169	866 4	1197 4	1178 4	
2	
1	
1	
37425152	1199 8	
1	1201 4	1200 4	
37425152	1202 4	1203 4	
37425152	1204 4	1200 4	
37425152	
37425152	1206 149700608	1205 4	
37425152	1206 149700608	
1	1193 4	
1	
1	
1	
1	1211 4	1212 4	
1	1213 4	
1	1214 4	1211 4	
1	
1	1211 4	1216 4	
1	1217 4	
1	1211 4	1210 4	
1	1218 4	1219 4	
1	1215 4	1220 4	
1	
1	
1	1222 4	1210 4	1223 4	
13	1224 4	1221 4	
13	1209 4	1225 4	
1	1209 4	1221 4	
1	
1	1226 4	1228 4	
1	
1	1227 4	1230 4	
1	
13	1227 4	1226 4	1232 4	
1	
13	1225 4	1221 4	1234 4	
2	1229 4	1231 4	
2197	1193 4	1235 4	
169	1237 4	1236 4	
2	
37425152	1208 4	1239 8	
2	
37425152	1240 4	1241 8	
486526976	1238 4	1242 4	
1	
1	
13	1226 4	1244 4	1245 4	
6176612	1243 4	1246 4	
1	69 4	
1	
1	1248 4	1249 4	
1	
1	
1	1251 4	1248 4	1252 4	
2	1250 4	1253 4	
169	69 4	1254 4	
1	1255 4	
1	
1	
1	
1	1256 4	1257 4	1258 4	1259 4	
1	1255 4	
1	1247 4	
1	
1	
1	1263 4	1264 4	
1	
1	1265 4	1266 4	
1	1265 4	
1	1267 4	
1	
1	1262 4	1268 4	1269 4	1270 4	
1	
2	1272 4	1271 4	
169	1247 4	1273 4	
1	
13	1255 4	1275 4	
13	1274 4	1276 4	
169	1277 4	1261 4	
1	
1	
1	1279 4	1260 4	1280 4	
1	
1	69 4	1282 4	
13	1283 4	
169	1281 4	1284 4	
169	1285 4	
1	1286 4	
1	
1	1287 4	1288 4	
1	
1	
1	1290 4	1287 4	1291 4	
2	1289 4	1292 4	
169	1286 4	1293 4	
169	1278 4	1294 4	
2	
169	1295 4	1296 8	
1	90 4	
1	1297 4	1298 4	
1	
169	69 4	1300 4	
1	
169	69 4	1302 4	
1	1301 4	1303 4	
1	
169	69 4	1305 4	
1	
1	
1	1308 4	1307 4	
1	1308 4	
1	
1	
1	1312 4	
1	
1	1313 4	1314 4	
1	1315 4	
1	
1	1317 4	1310 4	
1	1318 4	
1	1316 4	1319 4	
1	
1	1310 4	1321 4	
1	1322 4	1322 4	
1	1323 4	
1	1323 4	
1	1322 4	
1	1320 4	1326 4	
1	1311 4	1326 4	
1	1327 4	1328 4	
1	1311 4	1326 4	
1	1330 4	1329 4	
1	
1	1310 4	1332 4	
1	1333 4	1333 4	
1	1334 4	
1	1334 4	
1	1333 4	
1	1331 4	1337 4	
1	1336 4	
1	1310 4	1337 4	
1	1340 4	1339 4	
1	1341 4	
1	1336 4	
1	1343 4	
1	1336 4	
1	1342 4	1344 4	
1	1346 4	
1	1345 4	1347 4	
1	1331 4	1337 4	
1	1349 4	1348 4	
1	1350 4	1338 4	
1	
1	1352 1	1351 4	
1	
1	
1	1354 4	1355 4	
1	
1	1357 4	
1	1358 4	1363 4	
1	1359 4	896 4	
1	910 4	
1	1360 4	1361 4	
1	1362 4	1522 4	1531 4	1541 4	1547 4	1554 4	1563 4	1586 4	1629 4	1635 4	1656 4	1662 4	1669 4	1678 4	1689 4	1695 4	1702 4	1711 4	1730 4	1759 4	1777 4	1783 4	1802 4	1808 4	1815 4	1824 4	1835 4	1846 4	1863 4	1869 4	1881 4	1890 4	1898 4	1914 4	1927 4	1934 4	1944 4	1951 4	1977 4	1991 4	1998 4	2007 4	2019 4	2028 4	2052 4	2076 4	2082 4	2113 4	2150 4	2156 4	2163 4	2172 4	2190 4	2196 4	2209 4	2215 4	2222 4	2231 4	2242 4	2248 4	2255 4	2264 4	2289 4	2307 4	2325 4	2331 4	2350 4	2356 4	2363 4	2372 4	2383 4	2394 4	2416 4	2422 4	
1	1360 4	
1	
1	1364 4	
1	1366 4	1373 4	
1	1365 4	
1	1367 4	1368 4	
1	1369 4	
1	1367 4	1370 4	
1	1371 4	1368 4	
1	1372 4	1525 4	
1	1371 4	
1	
1	1375 4	
1	1376 4	1381 4	
1	1377 4	521 4	
1	526 4	
1	1378 4	1379 4	
1	1380 4	2448 4	2456 4	2466 4	2473 4	2484 4	2493 4	2513 4	2519 4	2526 4	2535 4	2552 4	2558 4	2571 4	2577 4	2584 4	2598 4	2604 4	2611 4	2620 4	2636 4	2652 4	2670 4	2689 4	2695 4	2702 4	2711 4	2723 4	2734 4	
1	1378 4	
1	
1	1382 4	
1	1384 4	1391 4	
1	1383 4	
1	1385 4	1386 4	
1	1387 4	
1	1385 4	1388 4	
1	1389 4	1386 4	
1	1390 4	2451 4	
1	1389 4	
1	
1	1393 4	
1	1394 4	1399 4	
1	1395 4	186 4	
1	191 4	
1	1396 4	1397 4	
1	1398 4	2802 4	2812 4	2819 4	2829 4	2836 4	2849 4	2914 4	2920 4	2927 4	2936 4	3007 4	3013 4	3030 4	3036 4	3043 4	3057 4	3063 4	3070 4	3079 4	3175 4	3211 4	3230 4	3265 4	3271 4	3278 4	3287 4	3320 4	3331 4	
1	1396 4	
1	
1	1400 4	
1	1402 4	1409 4	
1	1401 4	
1	1403 4	1404 4	
1	1405 4	
1	1403 4	1406 4	
1	1407 4	1404 4	
1	1408 4	2805 4	
1	1407 4	
1	
1	1411 4	
1	1412 4	1417 4	
1	1413 4	351 4	
1	356 4	
1	1414 4	1415 4	
1	1416 4	2859 4	2867 4	2877 4	2884 4	2895 4	2948 4	2972 4	2978 4	2985 4	2994 4	3091 4	3097 4	3114 4	3120 4	3127 4	3141 4	3147 4	3154 4	3163 4	3195 4	3249 4	3301 4	3346 4	3352 4	3359 4	3368 4	3380 4	3391 4	
1	1414 4	
1	
1	1418 4	
1	1420 4	1427 4	
1	1419 4	
1	1421 4	1422 4	
1	1423 4	
1	1421 4	1424 4	
1	1425 4	1422 4	
1	1426 4	2862 4	
1	1425 4	
1	
1	
13	1429 4	1430 4	
1	1356 4	1298 4	
1	1432 4	1431 4	
1	1433 4	1429 4	
1	1297 4	
1	1435 4	1298 4	
1	1436 4	1298 4	
1	1356 4	1437 4	
1	1438 4	1431 4	
1	1439 4	1430 4	
2	
1	1434 4	1441 8	
1	1295 4	
169	1442 4	1443 4	
1	1278 4	
1	1294 4	
13	1445 4	1446 4	
169	1444 4	1294 4	
169	1448 4	1447 4	
169	1449 4	1445 4	
169	1278 4	1444 4	
169	1451 4	1447 4	
169	1452 4	1446 4	
1	1277 4	
13	1450 4	1454 4	
169	1277 4	
169	1277 4	
1	
1	1455 4	1458 4	
169	1459 4	1457 4	
1	1247 4	
6176612	1460 4	1461 4	
1	1243 4	
475124	1462 4	1463 4	
486526976	1464 4	1242 4	
6176612	1238 4	1464 4	
1	1237 4	
2197	1465 4	1467 4	
2	
37425152	1466 4	1469 8	
13	1235 4	
173056	1468 4	1471 4	
2	1239 8	
37425152	1470 4	1473 4	
2	864 4	1177 4	
1	1177 4	1475 4	
1	1475 4	1192 4	1472 4	1476 4	
1	
13312	1179 4	
13312	1180 4	
13312	1181 4	
169	1183 4	
13312	1184 4	
13312	1185 4	
13312	1186 4	
1	1477 4	
1	1478 4	
13312	1479 4	
13312	1480 4	
13312	1481 4	
169	1482 4	
13312	1483 4	
13312	1484 4	
13312	1485 4	
1	1486 4	1605 4	
13312	1488 4	2283 4	
13312	1489 4	2403 4	
13312	1490 4	2436 4	
13312	1492 4	1724 4	
13312	1493 4	1855 4	
13312	1494 4	2435 4	
1	1495 4	1370 4	
13312	1496 4	1370 4	
13312	1497 4	1370 4	
13312	1498 4	1370 4	
13312	1499 4	1370 4	
13312	1500 4	1370 4	
13312	1501 4	1370 4	
1	1502 4	
1	1503 4	
1	1504 4	
1	1505 4	
1	1506 4	
1	1507 4	
1	1508 4	
2	864 4	
2	1516 4	1502 4	
1	1502 4	1517 4	
1	
2	1519 4	
2	1520 4	
1	1521 4	910 4	1362 4	
2	1520 4	
1	1523 4	1372 4	
1	1524 4	1533 4	1543 4	1549 4	1556 4	1565 4	1589 4	1599 4	1631 4	1637 4	1658 4	1664 4	1671 4	1680 4	1691 4	1697 4	1704 4	1713 4	1732 4	1761 4	1779 4	1785 4	1804 4	1810 4	1817 4	1826 4	1837 4	1848 4	1865 4	1871 4	1883 4	1892 4	1900 4	1916 4	1929 4	1936 4	1946 4	1953 4	1979 4	1993 4	2000 4	2009 4	2021 4	2030 4	2054 4	2078 4	2084 4	2115 4	2152 4	2158 4	2165 4	2174 4	2192 4	2198 4	2211 4	2217 4	2224 4	2233 4	2244 4	2250 4	2257 4	2266 4	2291 4	2309 4	2327 4	2333 4	2352 4	2358 4	2365 4	2374 4	2385 4	2396 4	2418 4	2424 4	
13312	1517 4	1524 4	1518 4	
13312	1515 4	840 4	
1	
2	1528 4	
2	1529 4	
1	1530 4	1139 4	1362 4	
2	1529 4	
1	1532 4	1372 4	
13312	1508 4	1533 4	
13312	1507 4	1526 4	
1	1124 4	
1	1125 4	
1	
2	1538 4	
2	1539 4	
1	1540 4	1536 4	1362 4	
2	1539 4	
2	1542 4	1372 4	
1	
2	1544 4	
2	1545 4	
1	1546 4	1537 4	1362 4	
2	1545 4	
2	1548 4	1372 4	
13	1543 4	1549 4	
1	
2	1551 4	
2	1552 4	
1	1553 4	1125 4	1362 4	
2	1552 4	
13312	1555 4	1372 4	
13312	1535 4	1556 4	
13312	1557 4	1550 4	
13312	1558 4	1543 4	
1	
2	1560 4	
2	1561 4	
1	1562 4	1124 4	1362 4	
2	1561 4	
13312	1564 4	1372 4	
13312	1565 4	1535 4	
13312	1566 4	1550 4	
13312	1567 4	1549 4	
2	843 4	844 4	
1	844 4	1569 4	
1	1569 4	842 4	1527 4	1570 4	
13312	831 4	840 4	
1	1572 4	
1	
13312	1573 4	1574 4	
13312	1527 4	1575 4	
2	817 4	
1	826 4	
2	1577 4	1578 4	1372 4	
1	1578 4	1579 4	
1	
2	1581 4	
2	1582 4	
2	1583 4	1139 4	
1	1584 4	1144 4	1362 4	
1	1585 4	1596 4	
2	1582 4	
2	1587 4	1533 4	
1	1588 4	
1	1579 4	1589 4	1534 4	1580 4	
13312	1140 4	1139 4	
1	1591 4	
1	
2	1593 4	
2	1594 4	
1	1595 4	1592 4	1362 4	
2	1594 4	
2	1597 4	1533 4	
2	1598 4	
1	1372 4	
169	1599 4	1600 4	
13312	1534 4	1601 4	
13312	1565 4	1559 4	
13312	1556 4	1568 4	
1	1502 4	
1	826 4	840 4	
1	1606 4	
1	
1	1607 4	1608 4	
1	1571 4	1609 4	
1	1372 4	
1	1611 4	1533 4	
1	1590 4	1612 4	
1	831 4	
1	
13312	1614 4	1615 4	
13312	1616 4	
13312	1617 4	1621 4	
13312	1618 4	1370 4	
13312	1619 4	1602 4	
13312	1620 4	
1	1619 4	
13312	1506 4	1603 4	
1	1119 4	
1	1122 4	
1	
2	1626 4	
2	1627 4	
1	1628 4	1624 4	1362 4	
2	1627 4	
2	1630 4	1372 4	
1	
2	1632 4	
2	1633 4	
1	1634 4	1625 4	1362 4	
2	1633 4	
2	1636 4	1372 4	
13	1631 4	1637 4	
13312	1623 4	1638 4	
13312	1639 4	1631 4	
13312	1623 4	1638 4	
13312	1641 4	1637 4	
1	
1	1643 4	
1	1644 4	1648 4	
1	1645 4	1370 4	
1	1646 4	1613 4	
1	1647 4	
1	1646 4	
13312	1576 4	1622 4	
1	918 4	
1	1118 4	
1	
2	1653 4	
2	1654 4	
1	1655 4	1651 4	1362 4	
2	1654 4	
2	1657 4	1372 4	
1	
2	1659 4	
2	1660 4	
1	1661 4	1652 4	1362 4	
2	1660 4	
2	1663 4	1372 4	
13	1658 4	1664 4	
1	
2	1666 4	
2	1667 4	
1	1668 4	1118 4	1362 4	
2	1667 4	
13312	1670 4	1372 4	
13312	1640 4	1671 4	
13312	1672 4	1665 4	
13312	1673 4	1658 4	
1	
2	1675 4	
2	1676 4	
1	1677 4	918 4	1362 4	
2	1676 4	
13312	1679 4	1372 4	
13312	1680 4	1640 4	
13312	1681 4	1665 4	
13312	1682 4	1664 4	
1	1120 4	
1	1121 4	
1	
2	1686 4	
2	1687 4	
1	1688 4	1684 4	1362 4	
2	1687 4	
2	1690 4	1372 4	
1	
2	1692 4	
2	1693 4	
1	1694 4	1685 4	1362 4	
2	1693 4	
2	1696 4	1372 4	
13	1691 4	1697 4	
1	
2	1699 4	
2	1700 4	
1	1701 4	1121 4	1362 4	
2	1700 4	
13312	1703 4	1372 4	
13312	1642 4	1704 4	
13312	1705 4	1698 4	
13312	1706 4	1691 4	
1	
2	1708 4	
2	1709 4	
1	1710 4	1120 4	1362 4	
2	1709 4	
13312	1712 4	1372 4	
13312	1713 4	1642 4	
13312	1714 4	1698 4	
13312	1715 4	1697 4	
1	1649 4	1610 4	
2	817 4	1717 4	
1	1717 4	1718 4	
173056	1718 4	825 4	1719 4	
13312	1671 4	1683 4	
13312	1713 4	1707 4	
13312	1704 4	1716 4	
13312	1674 4	
1	1115 4	
1	1372 4	
1	
2	1727 4	
2	1728 4	
1	1729 4	1725 4	1362 4	
2	1728 4	
2	1731 4	1372 4	
13	1732 4	1726 4	
13312	1721 4	1733 4	
13312	1734 4	1732 4	
13312	1721 4	1733 4	
1	1736 4	1726 4	
1	1372 4	
53248	1722 4	1723 4	1735 4	1604 4	1738 4	
4096	1739 4	
2	
2	1741 16	
1	810 4	
1	
1	1743 4	1744 4	
1	
1	
1	
1	1742 4	1746 4	1747 4	1748 4	
1	
2	1745 4	1749 4	1750 4	
13312	1720 4	1751 4	
13	810 4	1745 4	
12582912	1102 4	
163577856	1739 4	1754 4	
1	
2	1756 4	
2	1757 4	
1	1758 4	1108 4	1362 4	
2	1757 4	
39936	1760 4	1372 4	
163577856	1761 4	1739 4	
4096	
4096	1763 16384	
4096	1764 4	1768 4	
4096	1765 4	1370 4	
4096	1766 4	1740 4	
4096	1767 4	
1	1766 4	
1	1372 4	
1	1372 4	
1	1771 4	1770 4	
1	1092 4	
1	
2	1774 4	
2	1775 4	
1	1776 4	1092 4	1362 4	
2	1775 4	
26624	1778 4	1372 4	
1	
2	1780 4	
2	1781 4	
1	1782 4	919 4	1362 4	
2	1781 4	
13312	1784 4	1372 4	
1	1779 4	1785 4	
2	1772 4	1786 4	1786 4	
26624	1755 4	1787 4	1786 4	
13312	1755 4	1787 4	1786 4	
12582912	
12582912	1790 50331648	
12582912	1791 4	1795 4	
12582912	1792 4	1370 4	
12582912	1793 4	1762 4	
12582912	1794 4	
1	1793 4	
1	1091 4	
1	1090 4	
1	
2	1799 4	
2	1800 4	
1	1801 4	1797 4	1362 4	
2	1800 4	
2	1803 4	1372 4	
1	
2	1805 4	
2	1806 4	
1	1807 4	1798 4	1362 4	
2	1806 4	
2	1809 4	1372 4	
13	1804 4	1810 4	
1	
2	1812 4	
2	1813 4	
1	1814 4	1090 4	1362 4	
2	1813 4	
26624	1816 4	1372 4	
26624	1788 4	1817 4	
26624	1818 4	1811 4	
26624	1819 4	1804 4	
1	
2	1821 4	
2	1822 4	
1	1823 4	1091 4	1362 4	
2	1822 4	
26624	1825 4	1372 4	
26624	1826 4	1788 4	
26624	1827 4	1811 4	
26624	1828 4	1810 4	
1	1080 4	
1	1372 4	
1	
2	1832 4	
2	1833 4	
1	1834 4	1830 4	1362 4	
2	1833 4	
2	1836 4	1372 4	
13	1837 4	1831 4	
1	1372 4	
26624	1820 4	1839 4	
26624	1840 4	1838 4	
26624	1841 4	1837 4	
1	
2	1843 4	
2	1844 4	
1	1845 4	1080 4	1362 4	
2	1844 4	
26624	1847 4	1372 4	
26624	1848 4	
26624	1849 4	1839 4	
26624	1850 4	1839 4	
26624	1820 4	1851 4	
26624	1852 4	1838 4	
1	1853 4	1831 4	
13312	1789 4	
1	1372 4	
1	1372 4	
1	1857 4	1856 4	
1	989 4	
1	
2	1860 4	
2	1861 4	
1	1862 4	989 4	1362 4	
2	1861 4	
13312	1864 4	1372 4	
1	
2	1866 4	
2	1867 4	
1	1868 4	1076 4	1362 4	
2	1867 4	
13312	1870 4	1372 4	
1	1865 4	1871 4	
2	1858 4	1872 4	1872 4	
13312	1842 4	1873 4	1872 4	
13312	1842 4	1873 4	1872 4	
13312	1505 4	1875 4	
1	1073 4	
1	
2	1878 4	
2	1879 4	
1	1880 4	1877 4	1362 4	
2	1879 4	
3	1882 4	1372 4	
13312	1876 4	1883 4	
173056	660 4	
1089901	1884 4	1885 4	
1	
2	1887 4	
2	1888 4	
1	1889 4	1071 4	1362 4	
2	1888 4	
169	1891 4	1372 4	
28027	1892 4	1884 4	
1	1069 4	
1	
2	1895 4	
2	1896 4	
1	1897 4	1894 4	1362 4	
2	1896 4	
2	1899 4	1372 4	
169	1886 4	1900 4	
1	660 4	
1	
173056	1902 4	1903 4	
173056	1904 4	
173056	1905 4	1909 4	
173056	1906 4	1370 4	
173056	1907 4	1893 4	
173056	1908 4	
1	1907 4	
1	
2	1911 4	
2	1912 4	
1	1913 4	1069 4	1362 4	
2	1912 4	
169	1915 4	1372 4	
169	1901 4	1916 4	
1	1372 4	
13	1917 4	1918 4	
1	1372 4	
13	1919 4	1920 4	
169	1901 4	1921 4	
169	1922 4	1916 4	
1	
2	1924 4	
2	1925 4	
1	1926 4	1038 4	1362 4	
2	1925 4	
169	1928 4	1372 4	
169	1929 4	
1	
2	1931 4	
2	1932 4	
1	1933 4	1062 4	1362 4	
2	1932 4	
169	1935 4	1372 4	
169	1936 4	1923 4	1930 4	
169	1936 4	1930 4	1923 4	
1	1372 4	
1	1065 4	
1	
2	1941 4	
2	1942 4	
1	1943 4	1940 4	1362 4	
2	1942 4	
2	1945 4	1372 4	
13	1939 4	1946 4	
1	
2	1948 4	
2	1949 4	
1	1950 4	1065 4	1362 4	
2	1949 4	
169	1952 4	1372 4	
169	1938 4	1953 4	
169	1954 4	1947 4	
1	1955 4	1939 4	
1	1372 4	
169	1957 4	1938 4	
169	1958 4	1947 4	
169	1959 4	1946 4	
1	1372 4	
169	1960 4	1961 4	
1	1036 4	
1	1372 4	
1	1372 4	
1	1965 4	1964 4	
1	1966 4	1964 4	
1	1372 4	
1	1372 4	
1	1372 4	
1	1969 4	1964 4	1970 4	
1	1372 4	
1	1968 4	1972 4	
1	
2	1974 4	
2	1975 4	
1	1976 4	1963 4	1362 4	
2	1975 4	
3	1978 4	1372 4	
13	1971 4	1967 4	1979 4	1973 4	
1	1372 4	
13	1980 4	1981 4	
3	1979 4	1982 4	
1	1937 4	1980 4	
173056	1984 4	1983 4	
1	1372 4	
1	1035 4	
1	
2	1988 4	
2	1989 4	
1	1990 4	1987 4	1362 4	
2	1989 4	
3	1992 4	1372 4	
13	1986 4	1993 4	
1	
2	1995 4	
2	1996 4	
1	1997 4	1035 4	1362 4	
2	1996 4	
173056	1999 4	1372 4	
173056	1985 4	2000 4	
173056	2001 4	1994 4	
1024	2002 4	1986 4	
1	
2	2004 4	
2	2005 4	
1	2006 4	1030 4	1362 4	
2	2005 4	
1024	2008 4	1372 4	
173056	2009 4	1985 4	
173056	2010 4	1994 4	
173056	2011 4	1993 4	
1	1372 4	
1	1372 4	
13	2013 4	2014 4	
1	
2	2016 4	
2	2017 4	
1	2018 4	1029 4	1362 4	
2	2017 4	
1	2020 4	1372 4	
1024	2003 4	2021 4	
1024	2022 4	2015 4	
1024	2023 4	2013 4	
1	
2	2025 4	
2	2026 4	
1	2027 4	1025 4	1362 4	
2	2026 4	
1024	2029 4	1372 4	
1024	2030 4	2003 4	
1024	2031 4	2015 4	
1	2032 4	2014 4	
173056	2000 4	2012 4	
1	1372 4	
1	1372 4	
13	2035 4	2036 4	
1024	1013 4	
1024	2024 4	2038 4	
1024	2039 4	2037 4	
1	2040 4	2035 4	
1	1018 4	
1024	2042 4	2024 4	
1024	2043 4	2037 4	
1024	2044 4	2036 4	
1	2021 4	2033 4	
1	1032 4	
1	1372 4	
1	
2	2049 4	
2	2050 4	
1	2051 4	2047 4	1362 4	
2	2050 4	
3	2053 4	1372 4	
13	2054 4	2048 4	
173056	2034 4	2055 4	
173056	2056 4	2054 4	
173056	2034 4	2055 4	
1024	2058 4	2048 4	
1	
1	2060 4	
1	2061 4	2065 4	
1	2062 4	1370 4	
1	2063 4	2041 4	
1	2064 4	
1	2063 4	
1	1372 4	
1	2046 4	2067 4	
1	1372 4	
1024	2068 4	2069 4	
1	1031 4	910 4	
1	1003 4	
1	
2	2073 4	
2	2074 4	
1	2075 4	2071 4	1362 4	
2	2074 4	
3	2077 4	1372 4	
1	
2	2079 4	
2	2080 4	
1	2081 4	2072 4	1362 4	
2	2080 4	
3	2083 4	1372 4	
13	2078 4	2084 4	
173056	2057 4	2085 4	
173056	2086 4	2078 4	
173056	2057 4	2085 4	
13312	2088 4	2084 4	
1024	
1024	2090 4096	
1024	2091 4	2095 4	
1024	2092 4	1370 4	
1024	2093 4	2059 4	
1024	2094 4	
1	2093 4	
1	2070 4	
1024	2097 4	2038 4	
1024	2070 4	2098 4	
1	709 4	
1	
173056	2100 4	2101 4	
173056	2102 4	
173056	2103 4	2107 4	
173056	2104 4	1370 4	
173056	2105 4	2087 4	
173056	2106 4	
1	2105 4	
1	1001 4	
1	
2	2110 4	
2	2111 4	
1	2112 4	2109 4	1362 4	
2	2111 4	
2	2114 4	1372 4	
13312	2089 4	2115 4	
1024	2045 4	2099 4	
1024	
1024	2118 4096	
1024	2119 4	2123 4	
1024	2120 4	1370 4	
1024	2121 4	2117 4	
1024	2122 4	
1	2121 4	
1	705 4	
13312	2108 4	2125 4	
1048576	999 4	
13631488	2116 4	2127 4	
13631488	1865 4	2116 4	
13631488	2126 4	704 4	
173056	700 4	2126 4	
13312	1874 4	2128 4	
1048576	
1048576	2133 4194304	
1048576	2134 4	2138 4	
1048576	2135 4	1370 4	
1048576	2136 4	2129 4	
1048576	2137 4	
1	2136 4	
1	699 4	
2197	2130 4	2140 4	
2	
1048576	2131 4	2142 8	
13312	1504 4	2132 4	
1	968 4	
1	969 4	
1	
2	2147 4	
2	2148 4	
1	2149 4	2145 4	1362 4	
2	2148 4	
2	2151 4	1372 4	
1	
2	2153 4	
2	2154 4	
1	2155 4	2146 4	1362 4	
2	2154 4	
2	2157 4	1372 4	
13	2152 4	2158 4	
1	
2	2160 4	
2	2161 4	
1	2162 4	969 4	1362 4	
2	2161 4	
13312	2164 4	1372 4	
13312	2144 4	2165 4	
13312	2166 4	2159 4	
13312	2167 4	2152 4	
1	
2	2169 4	
2	2170 4	
1	2171 4	968 4	1362 4	
2	2170 4	
13312	2173 4	1372 4	
13312	2174 4	2144 4	
13312	2175 4	2159 4	
13312	2176 4	2158 4	
13	697 4	
173056	2141 4	2178 4	
2	701 8	
1048576	2143 4	2180 4	
13312	2174 4	2168 4	
13312	2165 4	2177 4	
13312	1503 4	2182 4	
1	963 4	
1	966 4	
1	
2	2187 4	
2	2188 4	
1	2189 4	2185 4	1362 4	
2	2188 4	
2	2191 4	1372 4	
1	
2	2193 4	
2	2194 4	
1	2195 4	2186 4	1362 4	
2	2194 4	
2	2197 4	1372 4	
13	2192 4	2198 4	
13312	2184 4	2199 4	
13312	2200 4	2192 4	
13312	2184 4	2199 4	
13312	2202 4	2198 4	
1	913 4	
1	962 4	
1	
2	2206 4	
2	2207 4	
1	2208 4	2204 4	1362 4	
2	2207 4	
2	2210 4	1372 4	
1	
2	2212 4	
2	2213 4	
1	2214 4	2205 4	1362 4	
2	2213 4	
2	2216 4	1372 4	
13	2211 4	2217 4	
1	
2	2219 4	
2	2220 4	
1	2221 4	962 4	1362 4	
2	2220 4	
13312	2223 4	1372 4	
13312	2201 4	2224 4	
13312	2225 4	2218 4	
13312	2226 4	2211 4	
1	
2	2228 4	
2	2229 4	
1	2230 4	913 4	1362 4	
2	2229 4	
13312	2232 4	1372 4	
13312	2233 4	2201 4	
13312	2234 4	2218 4	
13312	2235 4	2217 4	
1	964 4	
1	965 4	
1	
2	2239 4	
2	2240 4	
1	2241 4	2237 4	1362 4	
2	2240 4	
2	2243 4	1372 4	
1	
2	2245 4	
2	2246 4	
1	2247 4	2238 4	1362 4	
2	2246 4	
2	2249 4	1372 4	
13	2244 4	2250 4	
1	
2	2252 4	
2	2253 4	
1	2254 4	965 4	1362 4	
2	2253 4	
13312	2256 4	1372 4	
13312	2203 4	2257 4	
13312	2258 4	2251 4	
13312	2259 4	2244 4	
1	
2	2261 4	
2	2262 4	
1	2263 4	964 4	1362 4	
2	2262 4	
13312	2265 4	1372 4	
13312	2266 4	2203 4	
13312	2267 4	2251 4	
13312	2268 4	2250 4	
13312	2224 4	2236 4	
13312	2266 4	2260 4	
13312	2257 4	2269 4	
173056	1910 4	2179 4	
1	619 4	
1	659 4	
13	2274 4	2275 4	
173056	2273 4	659 4	
173056	2277 4	2276 4	
173056	2278 4	2274 4	
173056	619 4	2273 4	
173056	2280 4	2276 4	
169	2281 4	2275 4	
13312	2227 4	
1	959 4	
1	1372 4	
1	
2	2286 4	
2	2287 4	
1	2288 4	2284 4	1362 4	
2	2287 4	
2	2290 4	1372 4	
13	2291 4	2285 4	
13312	2270 4	2292 4	
13312	2293 4	2291 4	
13312	2270 4	2292 4	
1	2295 4	2285 4	
1	632 4	
169	2282 4	2297 4	
1	1372 4	
53248	2271 4	2272 4	2294 4	2183 4	2299 4	
4096	2300 4	
12582912	946 4	
163577856	2300 4	2302 4	
1	
2	2304 4	
2	2305 4	
1	2306 4	952 4	1362 4	
2	2305 4	
39936	2308 4	1372 4	
163577856	2309 4	2300 4	
4096	
4096	2311 16384	
4096	2312 4	2316 4	
4096	2313 4	1370 4	
4096	2314 4	2301 4	
4096	2315 4	
1	2314 4	
1	1372 4	
1	1372 4	
1	2319 4	2318 4	
1	936 4	
1	
2	2322 4	
2	2323 4	
1	2324 4	936 4	1362 4	
2	2323 4	
26624	2326 4	1372 4	
1	
2	2328 4	
2	2329 4	
1	2330 4	914 4	1362 4	
2	2329 4	
13312	2332 4	1372 4	
1	2327 4	2333 4	
2	2320 4	2334 4	2334 4	
26624	2303 4	2335 4	2334 4	
13312	2303 4	2335 4	2334 4	
12582912	
12582912	2338 50331648	
12582912	2339 4	2343 4	
12582912	2340 4	1370 4	
12582912	2341 4	2310 4	
12582912	2342 4	
1	2341 4	
1	935 4	
1	934 4	
1	
2	2347 4	
2	2348 4	
1	2349 4	2345 4	1362 4	
2	2348 4	
2	2351 4	1372 4	
1	
2	2353 4	
2	2354 4	
1	2355 4	2346 4	1362 4	
2	2354 4	
2	2357 4	1372 4	
13	2352 4	2358 4	
1	
2	2360 4	
2	2361 4	
1	2362 4	934 4	1362 4	
2	2361 4	
26624	2364 4	1372 4	
26624	2336 4	2365 4	
26624	2366 4	2359 4	
26624	2367 4	2352 4	
1	
2	2369 4	
2	2370 4	
1	2371 4	935 4	1362 4	
2	2370 4	
26624	2373 4	1372 4	
26624	2374 4	2336 4	
26624	2375 4	2359 4	
26624	2376 4	2358 4	
1	924 4	
1	1372 4	
1	
2	2380 4	
2	2381 4	
1	2382 4	2378 4	1362 4	
2	2381 4	
2	2384 4	1372 4	
13	2385 4	2379 4	
1	1372 4	
26624	2368 4	2387 4	
26624	2388 4	2386 4	
26624	2389 4	2385 4	
1	
2	2391 4	
2	2392 4	
1	2393 4	924 4	1362 4	
2	2392 4	
26624	2395 4	1372 4	
26624	2396 4	
26624	2397 4	2387 4	
26624	2398 4	2387 4	
26624	2368 4	2399 4	
26624	2400 4	2386 4	
1	2401 4	2379 4	
13312	2337 4	
3	618 12	
173056	2279 4	2404 4	
2	500 4	596 4	
1	596 4	2406 4	
1	2406 4	602 4	2405 4	2407 4	
1	1372 4	
1	1372 4	
1	2410 4	2409 4	
1	920 4	
1	
2	2413 4	
2	2414 4	
1	2415 4	920 4	1362 4	
2	2414 4	
13312	2417 4	1372 4	
1	
2	2419 4	
2	2420 4	
1	2421 4	915 4	1362 4	
2	2420 4	
13312	2423 4	1372 4	
1	2418 4	2424 4	
2	2411 4	2425 4	2425 4	
13312	2390 4	2426 4	2425 4	
13312	2390 4	2426 4	2425 4	
13312	1513 4	
13312	1514 4	
1	2408 4	
13312	2429 4	2630 4	
13312	2430 4	2743 4	
1	2431 4	2541 4	
13312	2427 4	
13312	2428 4	
13312	2432 4	1388 4	
13312	2433 4	1388 4	
1	2434 4	1388 4	
1	2437 4	
1	2438 4	
1	2439 4	
2	
13312	2440 4	2443 8	
1	
2	2445 4	
2	2446 4	
1	2447 4	528 4	1380 4	
2	2446 4	
13312	2449 4	1390 4	
1	2450 4	2458 4	2468 4	2475 4	2486 4	2495 4	2515 4	2521 4	2528 4	2537 4	2554 4	2560 4	2573 4	2579 4	2586 4	2600 4	2606 4	2613 4	2622 4	2638 4	2654 4	2672 4	2691 4	2697 4	2704 4	2713 4	2725 4	2736 4	
13312	2450 4	
1	
2	2453 4	
2	2454 4	
1	2455 4	583 4	1380 4	
2	2454 4	
13	2457 4	1390 4	
13312	2458 4	2437 4	2452 4	
13312	2458 4	2452 4	2437 4	
2	
13312	2441 4	2461 8	
1	
2	2463 4	
2	2464 4	
1	2465 4	529 4	1380 4	
2	2464 4	
13312	2467 4	1390 4	
13312	2468 4	
1	
2	2470 4	
2	2471 4	
1	2472 4	585 4	1380 4	
2	2471 4	
13	2474 4	1390 4	
13312	2475 4	2438 4	2469 4	
13312	2475 4	2469 4	2438 4	
2	500 4	
2	2478 4	2439 4	
1	2439 4	2479 4	
1	
2	2481 4	
2	2482 4	
1	2483 4	526 4	1380 4	
2	2482 4	
1	2485 4	1390 4	
13312	2479 4	2486 4	2480 4	
13312	494 4	
13312	2488 4	1390 4	
1	
2	2490 4	
2	2491 4	
1	2492 4	580 4	1380 4	
2	2491 4	
13	2494 4	1390 4	
13312	2495 4	2487 4	2489 4	
13312	2495 4	2489 4	2487 4	
1	494 4	
1	
13312	2498 4	2499 4	
13312	2500 4	
13312	2501 4	2505 4	
13312	2502 4	1388 4	
13312	2503 4	2496 4	
13312	2504 4	
1	2503 4	
13312	2477 4	2497 4	
1	576 4	
1	577 4	
1	
2	2510 4	
2	2511 4	
1	2512 4	2508 4	1380 4	
2	2511 4	
2	2514 4	1390 4	
1	
2	2516 4	
2	2517 4	
1	2518 4	2509 4	1380 4	
2	2517 4	
2	2520 4	1390 4	
13	2515 4	2521 4	
1	
2	2523 4	
2	2524 4	
1	2525 4	577 4	1380 4	
2	2524 4	
13312	2527 4	1390 4	
13312	2507 4	2528 4	
13312	2529 4	2522 4	
13312	2530 4	2515 4	
1	
2	2532 4	
2	2533 4	
1	2534 4	576 4	1380 4	
2	2533 4	
13312	2536 4	1390 4	
13312	2537 4	2507 4	
13312	2538 4	2522 4	
13312	2539 4	2521 4	
1	2439 4	
2	
13312	2506 4	2542 8	
13312	2537 4	2531 4	
13312	2528 4	2540 4	
13312	2460 4	2544 4	
1	571 4	
1	574 4	
1	
2	2549 4	
2	2550 4	
1	2551 4	2547 4	1380 4	
2	2550 4	
2	2553 4	1390 4	
1	
2	2555 4	
2	2556 4	
1	2557 4	2548 4	1380 4	
2	2556 4	
2	2559 4	1390 4	
13	2554 4	2560 4	
13312	2546 4	2561 4	
13312	2562 4	2554 4	
13312	2546 4	2561 4	
13312	2564 4	2560 4	
1	528 4	
1	570 4	
1	
2	2568 4	
2	2569 4	
1	2570 4	2566 4	1380 4	
2	2569 4	
2	2572 4	1390 4	
1	
2	2574 4	
2	2575 4	
1	2576 4	2567 4	1380 4	
2	2575 4	
2	2578 4	1390 4	
13	2573 4	2579 4	
1	
2	2581 4	
2	2582 4	
1	2583 4	570 4	1380 4	
2	2582 4	
13312	2585 4	1390 4	
13312	2563 4	2586 4	
13312	2587 4	2580 4	
13312	2588 4	2573 4	
13312	2450 4	2563 4	
13312	2590 4	2580 4	
13312	2591 4	2579 4	
1	572 4	
1	573 4	
1	
2	2595 4	
2	2596 4	
1	2597 4	2593 4	1380 4	
2	2596 4	
2	2599 4	1390 4	
1	
2	2601 4	
2	2602 4	
1	2603 4	2594 4	1380 4	
2	2602 4	
2	2605 4	1390 4	
13	2600 4	2606 4	
1	
2	2608 4	
2	2609 4	
1	2610 4	573 4	1380 4	
2	2609 4	
13312	2612 4	1390 4	
13312	2565 4	2613 4	
13312	2614 4	2607 4	
13312	2615 4	2600 4	
1	
2	2617 4	
2	2618 4	
1	2619 4	572 4	1380 4	
2	2618 4	
13312	2621 4	1390 4	
13312	2622 4	2565 4	
13312	2623 4	2607 4	
13312	2624 4	2606 4	
13312	2459 4	2589 4	
13312	2586 4	2592 4	
13312	2622 4	2616 4	
13312	2613 4	2625 4	
13312	2626 4	
1	567 4	
1	1390 4	
1	
2	2633 4	
2	2634 4	
1	2635 4	2631 4	1380 4	
2	2634 4	
2	2637 4	1390 4	
13	2638 4	2632 4	
13312	2627 4	2639 4	
13312	2640 4	2638 4	
13312	2627 4	2639 4	
1	2642 4	2632 4	
1	1390 4	
53248	2628 4	2629 4	2641 4	2545 4	2644 4	
4096	2645 4	
12582912	554 4	
163577856	2645 4	2647 4	
1	
2	2649 4	
2	2650 4	
1	2651 4	560 4	1380 4	
2	2650 4	
39936	2653 4	1390 4	
163577856	2654 4	2645 4	
4096	
4096	2656 16384	
4096	2657 4	2661 4	
4096	2658 4	1388 4	
4096	2659 4	2646 4	
4096	2660 4	
1	2659 4	
1	1390 4	
1	1390 4	
1	2664 4	2663 4	
1	544 4	
1	
2	2667 4	
2	2668 4	
1	2669 4	544 4	1380 4	
2	2668 4	
26624	2671 4	1390 4	
1	2672 4	2468 4	
2	2665 4	2673 4	2673 4	
26624	2648 4	2674 4	2673 4	
13312	2648 4	2674 4	2673 4	
12582912	
12582912	2677 50331648	
12582912	2678 4	2682 4	
12582912	2679 4	1388 4	
12582912	2680 4	2655 4	
12582912	2681 4	
1	2680 4	
1	543 4	
1	542 4	
1	
2	2686 4	
2	2687 4	
1	2688 4	2684 4	1380 4	
2	2687 4	
2	2690 4	1390 4	
1	
2	2692 4	
2	2693 4	
1	2694 4	2685 4	1380 4	
2	2693 4	
2	2696 4	1390 4	
13	2691 4	2697 4	
1	
2	2699 4	
2	2700 4	
1	2701 4	542 4	1380 4	
2	2700 4	
26624	2703 4	1390 4	
26624	2675 4	2704 4	
26624	2705 4	2698 4	
26624	2706 4	2691 4	
1	
2	2708 4	
2	2709 4	
1	2710 4	543 4	1380 4	
2	2709 4	
26624	2712 4	1390 4	
26624	2713 4	2675 4	
26624	2714 4	2698 4	
26624	2715 4	2697 4	
13312	2476 4	2676 4	
1	532 4	
1	1390 4	
1	
2	2720 4	
2	2721 4	
1	2722 4	2718 4	1380 4	
2	2721 4	
2	2724 4	1390 4	
13	2725 4	2719 4	
1	1390 4	
26624	2707 4	2727 4	
26624	2728 4	2726 4	
26624	2729 4	2725 4	
1	
2	2731 4	
2	2732 4	
1	2733 4	532 4	1380 4	
2	2732 4	
26624	2735 4	1390 4	
26624	2736 4	
26624	2737 4	2727 4	
26624	2738 4	2727 4	
26624	2707 4	2739 4	
26624	2740 4	2726 4	
1	2741 4	2719 4	
13312	2717 4	
2	501 4	
1	510 4	
2	2744 4	2745 4	1390 4	
1	2745 4	2746 4	
1	2746 4	2486 4	2730 4	2747 4	
1	
1	2749 4	
1	2750 4	2754 4	
1	2751 4	1388 4	
1	2752 4	2748 4	
1	2753 4	
1	2752 4	
2	501 4	2755 4	
1	2755 4	2756 4	
346112	2756 4	509 4	2757 4	
1	
1	436 4	2759 4	
1	268 4	
1	268 4	435 4	
3	2760 4	2762 4	2762 4	
173056	2758 4	2763 4	2762 4	
173056	2758 4	2763 4	2762 4	
2	165 4	261 4	
1	261 4	2766 4	
1	2766 4	267 4	2764 4	2767 4	
173056	2765 4	69 4	
2	330 4	426 4	
1	426 4	2770 4	
1	2770 4	432 4	2769 4	2771 4	
13312	262 4	
13312	263 4	
1	2768 4	
13312	2773 4	
13312	2774 4	
1	2775 4	2942 4	
13312	2776 4	3169 4	
13312	2777 4	3340 4	
13312	1510 4	
13312	1511 4	
1	2772 4	
1	2778 4	1406 4	
13312	2779 4	1406 4	
13312	2780 4	1406 4	
13312	2781 4	3189 4	
13312	2782 4	3400 4	
1	2783 4	3000 4	
1	2784 4	
1	2785 4	
1	2786 4	
13312	2787 4	1424 4	
13312	2788 4	1424 4	
1	2789 4	1424 4	
2	165 4	
2	2796 4	2784 4	
1	2784 4	2797 4	
1	
2	2799 4	
2	2800 4	
1	2801 4	191 4	1398 4	
2	2800 4	
1	2803 4	1408 4	
1	2804 4	2814 4	2821 4	2831 4	2838 4	2851 4	2916 4	2922 4	2929 4	2938 4	3009 4	3015 4	3032 4	3038 4	3045 4	3059 4	3065 4	3072 4	3081 4	3177 4	3213 4	3232 4	3267 4	3273 4	3280 4	3289 4	3322 4	3333 4	
13312	2797 4	2804 4	2798 4	
2	
13312	2791 4	2807 8	
1	
2	2809 4	
2	2810 4	
1	2811 4	193 4	1398 4	
2	2810 4	
13312	2813 4	1408 4	
13312	2814 4	
1	
2	2816 4	
2	2817 4	
1	2818 4	248 4	1398 4	
2	2817 4	
13	2820 4	1408 4	
13312	2821 4	2785 4	2815 4	
13312	2821 4	2815 4	2785 4	
2	
13312	2792 4	2824 8	
1	
2	2826 4	
2	2827 4	
1	2828 4	194 4	1398 4	
2	2827 4	
13312	2830 4	1408 4	
13312	2831 4	
1	
2	2833 4	
2	2834 4	
1	2835 4	250 4	1398 4	
2	2834 4	
13	2837 4	1408 4	
13312	2838 4	2786 4	2832 4	
13312	2838 4	2832 4	2786 4	
1	2793 4	
1	2794 4	
1	2795 4	
13312	159 4	
13312	2844 4	1408 4	
1	
2	2846 4	
2	2847 4	
1	2848 4	245 4	1398 4	
2	2847 4	
13	2850 4	1408 4	
13312	2851 4	2806 4	2845 4	
13312	2851 4	2845 4	2806 4	
2	
13312	2841 4	2854 8	
1	
2	2856 4	
2	2857 4	
1	2858 4	358 4	1416 4	
2	2857 4	
13312	2860 4	1426 4	
1	2861 4	2869 4	2879 4	2886 4	2897 4	2950 4	2974 4	2980 4	2987 4	2996 4	3093 4	3099 4	3116 4	3122 4	3129 4	3143 4	3149 4	3156 4	3165 4	3197 4	3251 4	3303 4	3348 4	3354 4	3361 4	3370 4	3382 4	3393 4	
13312	2861 4	
1	
2	2864 4	
2	2865 4	
1	2866 4	413 4	1416 4	
2	2865 4	
13	2868 4	1426 4	
13312	2869 4	2793 4	2863 4	
13312	2869 4	2863 4	2793 4	
2	
13312	2842 4	2872 8	
1	
2	2874 4	
2	2875 4	
1	2876 4	359 4	1416 4	
2	2875 4	
13312	2878 4	1426 4	
13312	2879 4	
1	
2	2881 4	
2	2882 4	
1	2883 4	415 4	1416 4	
2	2882 4	
13	2885 4	1426 4	
13312	2886 4	2794 4	2880 4	
13312	2886 4	2880 4	2794 4	
2	330 4	
2	2889 4	2795 4	
1	2795 4	2890 4	
1	
2	2892 4	
2	2893 4	
1	2894 4	356 4	1416 4	
2	2893 4	
1	2896 4	1426 4	
13312	2890 4	2897 4	2891 4	
1	159 4	
1	
13312	2899 4	2900 4	
13312	2901 4	
13312	2902 4	2906 4	
13312	2903 4	1406 4	
13312	2904 4	2852 4	
13312	2905 4	
1	2904 4	
13312	2840 4	2853 4	
1	241 4	
1	242 4	
1	
2	2911 4	
2	2912 4	
1	2913 4	2909 4	1398 4	
2	2912 4	
2	2915 4	1408 4	
1	
2	2917 4	
2	2918 4	
1	2919 4	2910 4	1398 4	
2	2918 4	
2	2921 4	1408 4	
13	2916 4	2922 4	
1	
2	2924 4	
2	2925 4	
1	2926 4	242 4	1398 4	
2	2925 4	
13312	2928 4	1408 4	
13312	2908 4	2929 4	
13312	2930 4	2923 4	
13312	2931 4	2916 4	
1	
2	2933 4	
2	2934 4	
1	2935 4	241 4	1398 4	
2	2934 4	
13312	2937 4	1408 4	
13312	2938 4	2908 4	
13312	2939 4	2923 4	
13312	2940 4	2922 4	
1	2784 4	
13312	324 4	
13312	2943 4	1426 4	
1	
2	2945 4	
2	2946 4	
1	2947 4	410 4	1416 4	
2	2946 4	
13	2949 4	1426 4	
13312	2950 4	2898 4	2944 4	
13312	2950 4	2944 4	2898 4	
2	
13312	2907 4	2953 8	
13312	2938 4	2932 4	
13312	2929 4	2941 4	
1	324 4	
1	
13312	2957 4	2958 4	
13312	2959 4	
13312	2960 4	2964 4	
13312	2961 4	1424 4	
13312	2962 4	2951 4	
13312	2963 4	
1	2962 4	
13312	2888 4	2952 4	
1	406 4	
1	407 4	
1	
2	2969 4	
2	2970 4	
1	2971 4	2967 4	1416 4	
2	2970 4	
2	2973 4	1426 4	
1	
2	2975 4	
2	2976 4	
1	2977 4	2968 4	1416 4	
2	2976 4	
2	2979 4	1426 4	
13	2974 4	2980 4	
1	
2	2982 4	
2	2983 4	
1	2984 4	407 4	1416 4	
2	2983 4	
13312	2986 4	1426 4	
13312	2966 4	2987 4	
13312	2988 4	2981 4	
13312	2989 4	2974 4	
1	
2	2991 4	
2	2992 4	
1	2993 4	406 4	1416 4	
2	2992 4	
13312	2995 4	1426 4	
13312	2996 4	2966 4	
13312	2997 4	2981 4	
13312	2998 4	2980 4	
1	2795 4	
13312	2823 4	2955 4	
1	236 4	
1	239 4	
1	
2	3004 4	
2	3005 4	
1	3006 4	3002 4	1398 4	
2	3005 4	
2	3008 4	1408 4	
1	
2	3010 4	
2	3011 4	
1	3012 4	3003 4	1398 4	
2	3011 4	
2	3014 4	1408 4	
13	3009 4	3015 4	
13312	3001 4	3016 4	
13312	3017 4	3009 4	
13312	3001 4	3016 4	
13312	3019 4	3015 4	
2	
13312	2965 4	3021 8	
13312	2996 4	2990 4	
13312	2987 4	2999 4	
1	193 4	
1	235 4	
1	
2	3027 4	
2	3028 4	
1	3029 4	3025 4	1398 4	
2	3028 4	
2	3031 4	1408 4	
1	
2	3033 4	
2	3034 4	
1	3035 4	3026 4	1398 4	
2	3034 4	
2	3037 4	1408 4	
13	3032 4	3038 4	
1	
2	3040 4	
2	3041 4	
1	3042 4	235 4	1398 4	
2	3041 4	
13312	3044 4	1408 4	
13312	3018 4	3045 4	
13312	3046 4	3039 4	
13312	3047 4	3032 4	
13312	2814 4	3018 4	
13312	3049 4	3039 4	
13312	3050 4	3038 4	
1	237 4	
1	238 4	
1	
2	3054 4	
2	3055 4	
1	3056 4	3052 4	1398 4	
2	3055 4	
2	3058 4	1408 4	
1	
2	3060 4	
2	3061 4	
1	3062 4	3053 4	1398 4	
2	3061 4	
2	3064 4	1408 4	
13	3059 4	3065 4	
1	
2	3067 4	
2	3068 4	
1	3069 4	238 4	1398 4	
2	3068 4	
13312	3071 4	1408 4	
13312	3020 4	3072 4	
13312	3073 4	3066 4	
13312	3074 4	3059 4	
1	
2	3076 4	
2	3077 4	
1	3078 4	237 4	1398 4	
2	3077 4	
13312	3080 4	1408 4	
13312	3081 4	3020 4	
13312	3082 4	3066 4	
13312	3083 4	3065 4	
13312	2871 4	3023 4	
1	401 4	
1	404 4	
1	
2	3088 4	
2	3089 4	
1	3090 4	3086 4	1416 4	
2	3089 4	
2	3092 4	1426 4	
1	
2	3094 4	
2	3095 4	
1	3096 4	3087 4	1416 4	
2	3095 4	
2	3098 4	1426 4	
13	3093 4	3099 4	
13312	3085 4	3100 4	
13312	3101 4	3093 4	
13312	3085 4	3100 4	
13312	3103 4	3099 4	
13312	2822 4	3048 4	
13312	3045 4	3051 4	
13312	3081 4	3075 4	
13312	3072 4	3084 4	
1	358 4	
1	400 4	
1	
2	3111 4	
2	3112 4	
1	3113 4	3109 4	1416 4	
2	3112 4	
2	3115 4	1426 4	
1	
2	3117 4	
2	3118 4	
1	3119 4	3110 4	1416 4	
2	3118 4	
2	3121 4	1426 4	
13	3116 4	3122 4	
1	
2	3124 4	
2	3125 4	
1	3126 4	400 4	1416 4	
2	3125 4	
13312	3128 4	1426 4	
13312	3102 4	3129 4	
13312	3130 4	3123 4	
13312	3131 4	3116 4	
13312	2861 4	3102 4	
13312	3133 4	3123 4	
13312	3134 4	3122 4	
1	402 4	
1	403 4	
1	
2	3138 4	
2	3139 4	
1	3140 4	3136 4	1416 4	
2	3139 4	
2	3142 4	1426 4	
1	
2	3144 4	
2	3145 4	
1	3146 4	3137 4	1416 4	
2	3145 4	
2	3148 4	1426 4	
13	3143 4	3149 4	
1	
2	3151 4	
2	3152 4	
1	3153 4	403 4	1416 4	
2	3152 4	
13312	3155 4	1426 4	
13312	3104 4	3156 4	
13312	3157 4	3150 4	
13312	3158 4	3143 4	
1	
2	3160 4	
2	3161 4	
1	3162 4	402 4	1416 4	
2	3161 4	
13312	3164 4	1426 4	
13312	3165 4	3104 4	
13312	3166 4	3150 4	
13312	3167 4	3149 4	
13312	3105 4	
1	232 4	
1	1408 4	
1	
2	3172 4	
2	3173 4	
1	3174 4	3170 4	1398 4	
2	3173 4	
2	3176 4	1408 4	
13	3177 4	3171 4	
13312	3106 4	3178 4	
13312	3179 4	3177 4	
13312	3106 4	3178 4	
1	3181 4	3171 4	
13312	2870 4	3132 4	
13312	3129 4	3135 4	
13312	3165 4	3159 4	
13312	3156 4	3168 4	
1	1408 4	
53248	3107 4	3108 4	3180 4	2956 4	3187 4	
13312	3183 4	
1	397 4	
1	1426 4	
1	
2	3192 4	
2	3193 4	
1	3194 4	3190 4	1416 4	
2	3193 4	
2	3196 4	1426 4	
13	3197 4	3191 4	
13312	3184 4	3198 4	
13312	3199 4	3197 4	
13312	3184 4	3198 4	
1	3201 4	3191 4	
4096	3188 4	
1	1426 4	
53248	3185 4	3186 4	3200 4	3024 4	3204 4	
8388608	219 4	
109051904	3188 4	3206 4	
1	
2	3208 4	
2	3209 4	
1	3210 4	225 4	1398 4	
2	3209 4	
26624	3212 4	1408 4	
109051904	3213 4	3188 4	
4096	
4096	3215 16384	
4096	3216 4	3220 4	
4096	3217 4	1406 4	
4096	3218 4	3203 4	
4096	3219 4	
1	3218 4	
4096	3205 4	
1	1408 4	
1	1408 4	
1	3224 4	3223 4	
1	209 4	
1	
2	3227 4	
2	3228 4	
1	3229 4	209 4	1398 4	
2	3228 4	
13312	3231 4	1408 4	
1	3232 4	2831 4	
2	3225 4	3233 4	3233 4	
13312	3207 4	3234 4	3233 4	
13312	3207 4	3234 4	3233 4	
8388608	
8388608	3237 33554432	
8388608	3238 4	3242 4	
8388608	3239 4	1406 4	
8388608	3240 4	3214 4	
8388608	3241 4	
1	3240 4	
8388608	384 4	
109051904	3205 4	3244 4	
1	
2	3246 4	
2	3247 4	
1	3248 4	390 4	1416 4	
2	3247 4	
26624	3250 4	1426 4	
109051904	3251 4	3205 4	
4096	
4096	3253 16384	
4096	3254 4	3258 4	
4096	3255 4	1424 4	
4096	3256 4	3222 4	
4096	3257 4	
1	3256 4	
1	208 4	
1	207 4	
1	
2	3262 4	
2	3263 4	
1	3264 4	3260 4	1398 4	
2	3263 4	
2	3266 4	1408 4	
1	
2	3268 4	
2	3269 4	
1	3270 4	3261 4	1398 4	
2	3269 4	
2	3272 4	1408 4	
13	3267 4	3273 4	
1	
2	3275 4	
2	3276 4	
1	3277 4	207 4	1398 4	
2	3276 4	
13312	3279 4	1408 4	
13312	3235 4	3280 4	
13312	3281 4	3274 4	
13312	3282 4	3267 4	
1	
2	3284 4	
2	3285 4	
1	3286 4	208 4	1398 4	
2	3285 4	
13312	3288 4	1408 4	
13312	3289 4	3235 4	
13312	3290 4	3274 4	
13312	3291 4	3273 4	
13312	2839 4	3236 4	
1	1426 4	
1	1426 4	
1	3295 4	3294 4	
1	374 4	
1	
2	3298 4	
2	3299 4	
1	3300 4	374 4	1416 4	
2	3299 4	
13312	3302 4	1426 4	
1	3303 4	2879 4	
2	3296 4	3304 4	3304 4	
13312	3245 4	3305 4	3304 4	
13312	3245 4	3305 4	3304 4	
8388608	
8388608	3308 33554432	
8388608	3309 4	3313 4	
8388608	3310 4	1424 4	
8388608	3311 4	3252 4	
8388608	3312 4	
1	3311 4	
1	197 4	
1	1408 4	
1	
2	3317 4	
2	3318 4	
1	3319 4	3315 4	1398 4	
2	3318 4	
2	3321 4	1408 4	
13	3322 4	3316 4	
1	1408 4	
13312	3283 4	3324 4	
13312	3325 4	3323 4	
13312	3326 4	3322 4	
1	
2	3328 4	
2	3329 4	
1	3330 4	197 4	1398 4	
2	3329 4	
13312	3332 4	1408 4	
13312	3333 4	
13312	3334 4	3324 4	
13312	3335 4	3324 4	
13312	3283 4	3336 4	
13312	3337 4	3323 4	
1	3338 4	3316 4	
13312	3293 4	
1	373 4	
1	372 4	
1	
2	3343 4	
2	3344 4	
1	3345 4	3341 4	1416 4	
2	3344 4	
2	3347 4	1426 4	
1	
2	3349 4	
2	3350 4	
1	3351 4	3342 4	1416 4	
2	3350 4	
2	3353 4	1426 4	
13	3348 4	3354 4	
1	
2	3356 4	
2	3357 4	
1	3358 4	372 4	1416 4	
2	3357 4	
13312	3360 4	1426 4	
13312	3306 4	3361 4	
13312	3362 4	3355 4	
13312	3363 4	3348 4	
1	
2	3365 4	
2	3366 4	
1	3367 4	373 4	1416 4	
2	3366 4	
13312	3369 4	1426 4	
13312	3370 4	3306 4	
13312	3371 4	3355 4	
13312	3372 4	3354 4	
13312	2887 4	3307 4	
1	362 4	
1	1426 4	
1	
2	3377 4	
2	3378 4	
1	3379 4	3375 4	1416 4	
2	3378 4	
2	3381 4	1426 4	
13	3382 4	3376 4	
1	1426 4	
13312	3364 4	3384 4	
13312	3385 4	3383 4	
13312	3386 4	3382 4	
1	
2	3388 4	
2	3389 4	
1	3390 4	362 4	1416 4	
2	3389 4	
13312	3392 4	1426 4	
13312	3393 4	
13312	3394 4	3384 4	
13312	3395 4	3384 4	
13312	3364 4	3396 4	
13312	3397 4	3383 4	
1	3398 4	3376 4	
13312	3374 4	
2	166 4	
1	175 4	
2	3401 4	3402 4	1408 4	
1	3402 4	3403 4	
1	3403 4	2804 4	3327 4	3404 4	
1	
1	3406 4	
1	3407 4	3411 4	
1	3408 4	1406 4	
1	3409 4	3405 4	
1	3410 4	
1	3409 4	
2	331 4	
1	340 4	
2	3413 4	3414 4	1426 4	
1	3414 4	3415 4	
1	3415 4	2897 4	3387 4	3416 4	
2	166 4	3412 4	
1	3412 4	3418 4	
173056	3418 4	174 4	3419 4	
1	
1	3421 4	
1	3422 4	3426 4	
1	3423 4	1424 4	
1	3424 4	3417 4	
1	3425 4	
1	3424 4	
2	331 4	3427 4	
1	3427 4	3428 4	
173056	3428 4	339 4	3429 4	
173056	3430 4	69 4	
173056	3431 4	3420 4	
2	
2	3433 16	
1	98 4	
1	
1	3435 4	3436 4	
1	
1	
1	
1	3434 4	3438 4	3439 4	3440 4	
1	
2	3437 4	3441 4	3442 4	
13312	3432 4	3443 4	
13	98 4	3437 4	
13312	3444 4	
13312	1752 4	
8388608	3243 4	
4096	3221 4	
8388608	3314 4	
4096	3259 4	
12582912	2683 4	
4096	2662 4	
1048576	2181 4	
12582912	2344 4	
4096	2317 4	
1048576	2139 4	
1024	2124 4	
1	2066 4	
1024	2096 4	
12582912	1796 4	
4096	1769 4	
37425152	1474 4	
18	3446 4	3447 4	3448 4	3449 4	3450 4	3451 4	3452 4	3453 4	3454 4	3455 4	3456 4	3457 4	3458 4	3459 4	3460 4	3461 4	3462 4	3463 4	
1	
18	3464 4	3465 4	
1	
1	3466 4	3467 4	
1	3468 4	
1	
1	3470 4	3469 4	
1	
1	
1	3472 4	3473 4	
1	3471 4	3474 4	
1	
1	3476 4	3475 4	
13312	3444 4	3477 4	
13312	3478 4	
13312	1752 4	3477 4	
13312	3480 4	
8388608	3243 4	3477 4	
8388608	3482 4	
4096	3221 4	3477 4	
4096	3484 4	
8388608	3314 4	3477 4	
8388608	3486 4	
4096	3259 4	3477 4	
4096	3488 4	
12582912	2683 4	3477 4	
12582912	3490 4	
4096	2662 4	3477 4	
4096	3492 4	
1048576	2181 4	3477 4	
1048576	3494 4	
12582912	2344 4	3477 4	
12582912	3496 4	
4096	2317 4	3477 4	
4096	3498 4	
1048576	2139 4	3477 4	
1048576	3500 4	
1024	2124 4	3477 4	
1024	3502 4	
1	2066 4	3477 4	
1	3504 4	
1024	2096 4	3477 4	
1024	3506 4	
12582912	1796 4	3477 4	
12582912	3508 4	
4096	1769 4	3477 4	
4096	3510 4	
37425152	1474 4	3477 4	
37425152	3512 4	
1	
1	3514 1	3469 4	
13312	3479 4	
13312	3481 4	
8388608	3483 4	
4096	3485 4	
8388608	3487 4	
4096	3489 4	
12582912	3491 4	
4096	3493 4	
1048576	3495 4	
12582912	3497 4	
4096	3499 4	
1048576	3501 4	
1024	3503 4	
1	3505 4	
1024	3507 4	
12582912	3509 4	
4096	3511 4	
37425152	3513 4	
18	3516 4	3517 4	3518 4	3519 4	3520 4	3521 4	3522 4	3523 4	3524 4	3525 4	3526 4	3527 4	3528 4	3529 4	3530 4	3531 4	3532 4	3533 4	
1	
18	3534 4	3535 4	
1	
1	3536 4	3537 4	
1	3538 4	
1	
1	3540 1	3539 4	
13312	3479 4	1351 4	
37425152	77 149700608	3445 4	3542 4	
13312	3481 4	1351 4	
37425152	87 149700608	1753 4	3544 4	
8388608	217 33554432	1351 4	3483 4	
4096	221 16384	1351 4	3485 4	
8388608	382 33554432	1351 4	3487 4	
4096	386 16384	1351 4	3489 4	
12582912	552 50331648	1351 4	3491 4	
4096	556 16384	1351 4	3493 4	
1048576	668 4194304	1351 4	3495 4	
12582912	944 50331648	1351 4	3497 4	
4096	948 16384	1351 4	3499 4	
1048576	997 4194304	1351 4	3501 4	
1024	1011 4096	1351 4	3503 4	
1	1016 4	1351 4	3505 4	
1024	1020 4096	1351 4	3507 4	
12582912	1100 50331648	1351 4	3509 4	
4096	1104 16384	1351 4	3511 4	
37425152	1206 149700608	1351 4	3513 4	
1	3552 4	3555 4	3556 4	3557 4	3558 4	3561 4	
1	3543 4	3545 4	3546 4	3547 4	3548 4	3549 4	3550 4	3551 4	3553 4	3554 4	3559 4	3560 4	
1	3562 4	3563 4	
1	3564 4	
1	1308 4	3565 4	
1	
1	3567 1	1351 4	
1	
1	3569 1	1299 4	
1	3568 4	3570 4	3515 4	3541 4	
1	
19	
19	
1	3572 1	3573 361	3574 361	1308 4	668 4194304	1020 4096	1016 4	1011 4096	997 4194304	948 16384	944 50331648	1104 16384	1100 50331648	1206 149700608	386 16384	382 33554432	221 16384	217 33554432	556 16384	552 50331648	87 149700608	77 149700608	
1	3572 1	3575 4	
1	
1	
1	3572 1	3577 1	3578 1	
1	1308 4	3579 4	
1	
1	
1	3572 1	3581 1	3582 1	
1048576	668 4194304	3583 4	
1	
1	
1	3572 1	3585 1	3586 1	
1024	1020 4096	3587 4	
1	
1	
1	3572 1	3589 1	3590 1	
1	1016 4	3591 4	
1	
1	
1	3572 1	3593 1	3594 1	
1024	1011 4096	3595 4	
1	
1	
1	3572 1	3597 1	3598 1	
1048576	997 4194304	3599 4	
1	
1	
1	3572 1	3601 1	3602 1	
4096	948 16384	3603 4	
1	
1	
1	3572 1	3605 1	3606 1	
12582912	944 50331648	3607 4	
1	
1	
1	3572 1	3609 1	3610 1	
4096	1104 16384	3611 4	
1	
1	
1	3572 1	3613 1	3614 1	
12582912	1100 50331648	3615 4	
1	
1	
1	3572 1	3617 1	3618 1	
37425152	1206 149700608	3619 4	
1	
1	
1	3572 1	3621 1	3622 1	
4096	386 16384	3623 4	
1	
1	
1	3572 1	3625 1	3626 1	
8388608	382 33554432	3627 4	
1	
1	
1	3572 1	3629 1	3630 1	
4096	221 16384	3631 4	
1	
1	
1	3572 1	3633 1	3634 1	
8388608	217 33554432	3635 4	
1	
1	
1	3572 1	3637 1	3638 1	
4096	556 16384	3639 4	
1	
1	
1	3572 1	3641 1	3642 1	
12582912	552 50331648	3643 4	
1	
1	
1	3572 1	3645 1	3646 1	
37425152	87 149700608	3647 4	
1	
1	
1	3572 1	3649 1	3650 1	
37425152	77 149700608	3651 4	
1	3580 4	3584 4	3588 4	3592 4	3596 4	3600 4	3620 4	
1	3604 4	3608 4	3612 4	3616 4	3624 4	3628 4	3632 4	3636 4	3640 4	3644 4	3648 4	3652 4	
1	3653 4	3654 4	
1	669 4	998 4	1012 4	1017 4	1021 4	1207 4	1309 4	
1	78 4	88 4	218 4	222 4	383 4	387 4	553 4	557 4	945 4	949 4	1101 4	1105 4	
1	3656 4	3657 4	
1	3 4	7 4	
